65 54 
21 38 
32 46 40 
33 38 37 19 27 28 30 49 38 32 33 35 24 34 37 44 42 35 31 27 
62 39 50 53 
50 29 
32 54 56 54 
42 23 32 38 41 52 
45 25 44 
52 25 
29 45 36 38 42 44 35 26 
58 52 
55 
51 53 43 32 28 49 45 46 36 26 44 52 48 51 27 25 28 49 48 25 47 54 52 45 40 30 34 37 43 53 44 26 48 53 54 44 44 41 44 34 44 30 32 47 40 32 41 18 27 57 37 36 38 46 46 38 41 27 31 35 59 22 43 21 41 47 32 46 36 41 40 56 27 47 30 36 49 48 44 55 40 57 43 42 29 36 44 33 38 43 20 48 37 18 49 47 27 45 42 54 23 35 47 37 53 39 49 51 41 31 43 64 49 26 41 36 41 54 61 51 52 44 51 42 44 30 49 39 42 50 34 30 51 46 42 41 40 45 54 43 43 39 31 29 21 45 51 22 53 45 53 47 42 46 18 28 47 35 44 30 19 27 52 40 48 36 39 42 45 22 47 48 39 57 57 56 19 53 57 57 35 29 52 19 30 48 34 51 43 51 27 56 44 56 52 30 31 39 38 46 40 38 31 53 49 42 46 19 32 38 34 46 46 37 36 36 34 34 53 38 47 49 54 50 45 56 52 39 33 35 32 57 27 35 40 33 23 48 41 55 49 29 46 22 19 41 44 49 34 32 35 42 30 49 36 33 56 27 28 32 36 24 28 48 47 19 46 27 44 23 27 36 28 53 37 44 53 25 48 29 52 50 39 47 51 44 39 31 27 41 44 24 42 26 43 22 33 32 33 37 25 54 30 48 41 43 58 23 35 19 59 43 18 58 54 51 42 37 51 36 51 61 31 38 32 45 37 21 26 51 50 27 32 36 19 33 52 27 37 39 37 32 27 45 37 50 54 26 49 48 20 36 37 39 39 30 49 40 48 36 50 46 56 22 46 49 54 52 40 29 47 29 41 34 41 45 26 40 32 35 35 51 19 42 41 35 50 31 37 47 41 27 49 48 22 26 36 33 27 43 42 32 40 45 19 40 44 19 25 21 17 18 23 39 51 46 41 26 47 38 28 43 58 47 35 53 51 22 45 45 21 53 47 51 38 42 41 39 50 25 54 55 28 44 38 32 18 32 46 49 47 43 51 44 53 59 37 35 25 20 35 35 26 26 41 42 56 43 26 27 22 30 50 20 38 54 27 18 40 19 40 49 28 33 48 23 49 29 50 59 38 46 51 54 40 53 30 47 58 34 22 31 30 55 49 29 19 38 48 62 43 34 27 34 46 35 31 52 44 30 24 20 45 49 18 48 32 31 47 52 32 46 52 54 53 46 46 47 25 24 35 44 50 51 52 50 47 43 33 41 39 51 58 37 43 31 22 19 25 32 32 21 38 49 48 27 19 28 43 35 49 51 38 36 18 51 40 49 40 41 55 36 21 36 55 30 43 28 49 33 17 56 46 40 39 36 44 25 25 47 57 53 42 45 38 25 32 
54 27 26 
57 39 29 24 
50 18 
55 
36 31 31 
54 33 47 48 34 54 58 41 31 34 40 29 30 41 47 27 31 31 30 
74 
47 48 41 
44 40 41 27 46 40 41 30 
31 28 43 26 35 19 35 43 31 21 38 58 
30 50 34 40 39 43 25 34 42 49 22 54 42 45 41 37 27 47 53 45 46 33 50 29 35 29 42 28 30 45 35 46 27 37 23 22 33 34 51 29 39 39 34 32 35 33 35 54 25 32 52 31 37 52 27 21 30 33 49 22 37 21 25 39 33 51 20 54 30 32 40 37 37 44 56 64 31 21 51 30 20 48 28 50 36 25 21 29 47 49 41 34 27 56 30 39 24 47 22 44 47 31 46 64 30 22 46 57 38 23 43 23 49 31 49 36 57 42 45 40 44 27 34 53 41 22 31 31 29 43 57 47 47 30 21 27 52 32 19 48 34 46 32 40 25 49 34 36 39 31 21 34 51 51 22 49 28 50 47 59 50 37 32 30 43 23 24 39 35 21 35 26 49 22 58 41 52 38 24 18 18 50 54 64 17 20 43 24 63 58 61 18 18 55 44 37 54 53 29 33 62 25 43 54 
45 57 39 26 
56 36 38 20 45 47 55 39 43 44 32 36 40 33 
22 30 27 19 
36 36 56 
29 33 26 27 54 25 23 21 39 
59 22 59 19 36 37 35 29 37 50 58 48 47 24 53 49 
35 
36 22 34 43 52 57 20 36 42 35 26 41 49 45 39 27 
43 28 
21 22 25 39 29 48 24 52 48 26 25 33 23 40 34 20 
49 45 36 40 
53 37 57 33 51 60 52 48 50 45 49 49 30 37 30 28 42 46 34 27 49 44 57 32 45 54 27 35 41 43 46 29 33 32 50 41 36 29 27 53 52 46 38 46 43 
26 
35 23 42 50 41 35 43 37 
32 20 
43 40 53 
63 27 62 
33 33 
29 27 42 25 39 18 18 46 35 44 58 28 36 30 43 
27 31 28 47 32 
50 40 
38 19 49 43 54 43 
25 
38 
42 53 26 46 
33 40 48 60 58 48 41 53 60 
47 53 30 37 38 41 40 19 23 36 41 49 43 23 39 42 19 37 27 41 39 34 35 54 34 64 43 32 26 20 31 47 44 42 37 47 44 60 54 22 19 27 44 20 55 52 39 25 40 42 48 60 30 42 30 29 46 28 44 39 43 31 39 33 40 44 52 38 39 43 48 35 21 46 18 52 18 59 44 40 48 24 30 46 
85 29 39 
29 24 26 19 40 22 44 25 
30 39 59 26 35 
21 33 39 22 18 50 24 39 19 30 25 18 53 19 36 20 19 25 49 26 31 18 51 48 43 32 53 27 28 29 24 47 52 28 33 29 23 21 24 
42 40 32 37 19 33 28 53 35 
26 51 38 19 33 31 18 29 30 48 34 39 47 40 24 28 28 46 36 23 27 27 31 43 32 25 43 44 33 47 31 29 28 31 34 21 37 39 32 39 39 54 43 49 22 56 45 38 22 36 25 20 57 37 43 
44 42 
45 47 26 40 37 49 33 38 53 40 43 30 29 25 43 30 25 46 45 54 30 32 46 33 32 47 35 50 30 32 37 44 51 48 43 43 23 42 49 28 25 47 53 57 36 26 21 43 43 20 32 41 30 48 29 24 45 36 32 46 53 20 34 54 31 38 40 30 27 53 35 26 62 31 26 32 40 55 40 40 25 44 50 25 45 42 25 40 31 24 49 41 30 32 46 54 40 43 49 28 47 40 42 25 55 42 24 37 28 38 42 46 48 38 49 26 38 29 40 53 42 44 52 51 34 49 20 37 27 43 53 22 34 41 32 41 40 41 32 25 30 57 22 46 45 41 50 36 37 43 41 30 47 35 26 45 45 49 39 36 32 48 53 53 42 53 44 33 48 20 39 38 53 47 28 35 34 21 47 47 50 47 56 32 42 38 26 54 47 48 44 26 37 33 42 37 49 28 30 53 43 39 
33 42 44 28 34 43 43 
52 50 27 
35 38 45 29 53 30 46 48 32 39 30 20 22 51 36 40 55 30 30 27 20 31 43 52 30 33 38 25 45 47 25 35 39 
29 46 
62 38 48 30 43 29 46 
32 53 33 37 
32 31 
61 52 51 
39 41 47 31 54 29 28 44 
43 37 
52 27 58 57 
52 
45 44 
31 40 
30 33 32 23 
43 42 
41 48 28 53 
37 34 
42 44 44 43 28 42 
22 37 29 
21 44 44 44 
44 34 49 48 54 20 27 39 37 32 53 31 49 41 37 42 44 42 21 46 32 23 
31 39 36 31 45 47 21 37 34 
33 47 45 
46 47 40 
23 32 26 
59 46 27 54 29 52 38 59 49 
37 44 51 25 
35 53 31 27 35 
26 46 26 20 
34 
31 
63 60 46 
59 57 36 49 52 25 35 57 48 
37 35 
62 33 50 49 20 52 57 32 51 32 44 37 54 
20 
46 
41 
25 32 53 28 
56 37 
35 29 31 45 47 39 29 42 39 45 59 52 24 37 21 42 51 47 38 26 27 45 28 38 50 36 43 26 28 39 39 52 56 46 52 25 32 32 39 58 43 43 42 38 53 28 24 36 39 28 44 42 30 39 25 42 21 33 41 
22 35 34 47 20 31 27 25 34 51 49 32 22 58 25 53 52 23 
52 36 
40 42 46 50 46 38 35 49 37 48 33 36 35 51 54 46 48 30 32 40 44 36 33 46 40 31 36 45 
25 37 37 38 31 31 26 26 50 55 27 45 22 43 54 28 44 58 22 42 
62 55 38 48 
53 43 24 47 47 40 20 48 41 58 22 40 50 49 31 43 42 22 46 52 47 43 50 40 46 26 54 31 54 31 50 46 49 31 26 49 47 48 25 49 25 25 50 50 59 31 40 42 27 59 34 36 41 32 41 50 42 49 54 23 32 
44 44 42 
60 52 54 36 38 58 59 45 32 46 30 
48 47 
26 50 35 34 42 40 27 45 29 44 52 28 32 26 37 27 51 32 33 25 32 52 41 36 36 30 29 21 44 42 45 40 39 35 45 52 29 28 36 27 37 25 23 30 29 34 29 25 22 36 51 48 56 26 43 53 53 43 25 46 28 29 25 
37 43 47 49 38 25 31 39 35 52 25 36 45 26 48 21 35 30 58 36 44 43 39 36 52 29 47 43 40 
25 20 
37 
68 61 58 
20 24 39 21 
49 48 43 53 
36 53 37 
30 36 53 
29 27 52 28 42 21 40 43 42 32 46 27 38 50 26 23 22 57 48 24 34 33 31 49 31 21 24 
55 32 
47 
42 
45 43 44 59 20 44 28 45 40 47 36 36 
60 51 22 54 42 27 30 
46 45 21 23 42 55 54 28 30 36 46 33 28 37 57 38 48 41 
40 27 46 53 
28 37 
41 22 41 
40 60 43 30 48 45 35 51 21 48 53 49 49 41 40 43 
33 28 42 46 
57 20 52 25 
29 26 21 28 50 41 23 28 25 34 26 44 47 33 22 20 29 27 39 30 31 47 26 39 51 29 22 21 48 27 35 36 22 32 54 51 29 50 50 21 42 39 28 23 38 34 37 31 50 35 39 22 22 37 33 31 46 51 58 24 31 57 32 39 21 54 44 31 36 29 39 23 61 56 25 36 37 36 42 37 45 35 55 37 20 40 21 53 22 45 38 30 22 41 33 33 42 50 35 29 26 36 30 31 59 29 30 50 34 49 23 31 52 45 36 44 36 38 26 21 30 25 35 45 28 
33 27 38 58 33 
28 
51 46 46 47 
59 48 53 
64 38 49 42 54 34 
50 49 51 40 48 31 
32 
56 57 49 49 
39 29 
34 49 21 56 26 27 33 
45 39 
71 
30 31 38 33 61 35 26 27 
22 31 36 30 20 40 23 49 23 41 
52 49 31 28 59 42 45 27 43 32 55 46 24 
34 41 52 39 29 20 44 40 
44 29 42 27 42 23 57 22 31 50 48 
28 30 28 21 36 35 27 44 31 
67 25 29 42 72 61 30 31 49 34 28 45 42 56 27 26 64 61 41 47 32 52 58 60 52 52 23 53 32 28 51 63 53 28 63 56 59 39 50 24 52 44 34 64 33 52 30 50 32 64 28 35 29 48 32 56 57 51 45 48 56 28 52 66 28 50 58 52 52 43 50 59 55 30 67 62 30 31 64 73 32 26 26 64 29 43 20 44 61 28 51 38 71 61 47 53 47 54 26 34 31 28 52 44 42 29 40 33 46 40 47 62 25 54 41 31 49 36 47 70 42 26 61 29 26 55 34 41 71 56 23 45 64 48 66 53 34 43 49 32 30 54 49 59 31 31 32 30 49 51 55 29 45 56 35 65 31 43 44 42 20 25 56 48 40 31 30 53 63 40 29 47 40 72 21 45 27 23 40 41 74 58 22 39 52 31 64 22 70 65 74 30 27 64 60 27 28 59 55 43 40 61 74 56 21 40 64 51 55 55 54 41 24 46 50 57 48 37 46 34 30 29 65 63 69 47 29 50 66 70 41 52 55 20 55 39 43 30 23 48 44 57 46 74 22 50 47 40 62 72 37 46 47 44 56 45 36 20 25 32 38 34 42 48 29 44 29 36 32 60 50 61 53 32 33 41 62 28 63 27 29 21 36 61 43 29 50 41 34 63 28 23 43 20 34 51 71 27 34 57 52 43 65 70 62 24 47 26 53 32 71 20 29 63 32 44 34 51 43 62 40 58 34 41 23 42 28 55 34 48 43 21 51 53 56 72 57 60 21 38 31 31 25 45 52 67 33 31 41 40 36 48 43 64 55 21 48 21 44 51 39 31 51 30 42 47 45 25 29 27 44 52 20 58 46 50 31 55 35 24 41 50 53 27 52 50 47 28 53 52 60 44 56 59 61 33 62 69 42 57 21 33 61 71 54 49 34 30 38 35 42 46 43 44 60 71 53 59 51 32 41 26 60 66 40 35 59 57 46 40 62 32 60 44 40 59 51 33 26 65 32 32 37 52 41 45 49 25 36 39 57 54 25 32 59 61 61 40 53 47 50 71 57 41 23 72 27 26 29 31 46 58 33 33 48 36 55 65 47 57 46 48 50 33 32 59 54 34 32 31 26 44 31 43 30 27 24 50 63 28 22 20 44 56 28 31 49 63 45 55 47 35 62 30 62 32 57 53 43 42 52 52 34 38 38 38 73 22 24 44 63 27 52 48 44 24 20 23 27 34 63 42 50 25 32 61 44 51 73 23 42 42 52 31 30 40 47 34 61 51 64 40 61 39 40 64 46 56 24 73 22 59 58 63 56 35 52 35 49 55 30 29 54 28 41 23 47 62 37 61 37 28 26 42 62 28 51 45 25 30 57 25 37 58 55 40 50 37 28 46 33 30 51 27 58 62 58 26 56 49 35 53 47 26 40 72 64 43 40 55 41 48 53 52 29 49 48 49 39 42 41 25 25 40 47 53 40 29 27 50 29 27 71 30 46 59 28 46 27 26 39 56 64 57 70 54 48 57 61 51 54 26 62 29 54 73 51 63 71 47 27 31 30 25 57 54 27 40 65 55 56 23 64 45 42 32 51 29 29 27 55 60 42 57 47 27 43 43 52 51 47 30 31 41 36 49 22 30 48 44 30 32 41 25 59 40 64 50 41 28 42 36 63 43 50 26 53 60 58 73 32 71 21 43 30 29 29 50 25 43 46 63 52 27 45 64 32 45 46 44 53 45 55 70 59 53 25 46 47 30 52 27 42 46 27 62 53 39 28 65 73 40 29 42 48 29 50 48 22 63 45 33 36 21 46 56 33 30 44 56 32 70 51 28 50 42 31 26 41 53 21 56 29 26 50 42 41 52 27 31 55 38 25 28 60 30 62 62 50 31 40 47 27 49 49 46 32 44 26 43 64 43 28 60 34 43 25 22 60 49 64 54 40 41 50 54 39 56 25 63 29 63 27 29 27 74 50 26 44 53 54 27 28 67 22 31 32 56 28 26 34 60 31 48 51 72 41 37 35 22 47 28 30 42 30 46 69 36 48 23 58 32 40 61 44 58 44 42 73 31 29 64 23 30 62 31 49 74 23 34 63 46 30 32 29 48 43 50 41 42 32 31 29 26 21 30 52 40 48 33 43 53 44 29 51 29 70 32 60 41 52 38 50 25 54 52 57 23 54 29 64 32 50 32 60 31 42 64 25 64 54 46 37 52 73 54 56 50 32 49 34 36 61 53 72 60 61 27 40 61 26 52 29 43 53 52 41 38 40 25 53 57 39 21 37 31 27 32 47 51 32 29 28 73 29 46 58 45 51 69 45 26 32 74 31 64 53 53 22 39 51 51 58 74 32 70 22 32 60 25 50 27 62 42 39 48 48 43 55 43 
26 26 38 43 29 28 28 36 27 45 28 24 33 33 35 43 51 27 38 48 59 32 24 26 
65 45 31 23 52 21 32 31 52 50 28 47 29 29 59 33 33 27 56 26 25 56 69 30 23 27 42 54 43 27 35 28 36 
39 40 22 28 
30 49 24 
28 28 
58 48 62 
25 49 22 39 22 37 41 54 39 22 
21 32 22 30 
65 
48 50 35 40 35 43 36 51 34 54 31 46 42 38 27 
43 
26 55 53 52 30 53 56 58 42 47 34 46 39 41 31 46 38 
63 41 30 29 46 20 25 49 31 44 27 59 28 42 32 38 25 38 58 25 39 35 25 53 56 37 35 
35 40 36 
28 32 47 44 29 39 33 25 37 37 26 29 41 36 52 36 61 32 36 40 30 51 52 45 57 40 26 24 37 30 48 34 26 25 39 53 64 40 47 45 44 20 23 27 26 34 26 23 21 22 29 32 57 24 40 33 29 25 28 56 21 54 33 21 25 40 40 49 28 21 52 30 32 24 27 42 40 50 20 37 25 34 52 52 50 47 51 27 45 
23 33 30 36 26 40 35 27 30 
63 58 37 34 34 47 50 
59 43 22 33 48 22 41 
61 46 45 
57 41 32 
59 36 31 30 
27 27 34 
64 43 51 45 
62 56 38 
22 49 
67 53 57 54 31 58 63 74 25 38 41 50 25 54 27 23 43 46 24 42 59 48 27 61 25 29 40 72 59 45 40 60 71 61 46 45 22 
58 56 
49 39 41 46 38 29 31 
21 53 41 25 44 30 23 44 
31 32 42 38 44 46 35 34 28 46 43 41 33 40 57 23 40 28 33 
64 58 
59 34 31 54 30 42 53 49 30 43 29 41 34 24 63 42 33 24 
65 62 58 68 53 27 56 25 63 52 20 30 55 73 30 56 59 20 61 64 50 50 52 51 52 59 23 28 68 46 70 43 45 32 57 53 
57 41 29 62 34 53 41 46 42 45 41 44 57 41 36 38 42 41 43 25 45 54 50 21 54 54 53 32 49 40 21 34 34 52 58 45 36 51 35 36 38 46 51 39 39 47 
64 30 37 31 
40 40 44 35 41 35 
66 
33 52 34 34 30 32 40 39 42 51 34 37 41 27 28 28 40 25 49 24 41 30 58 41 43 42 48 54 38 50 24 26 35 
26 22 37 25 55 28 30 34 45 27 24 26 29 40 41 51 24 28 35 28 37 45 29 57 32 45 22 36 42 30 38 28 55 32 45 27 59 25 21 40 21 23 41 38 44 28 27 54 29 29 39 37 23 20 40 40 22 30 30 20 22 26 53 41 54 20 24 60 21 39 21 44 39 35 47 51 27 48 49 29 27 53 27 29 57 57 40 50 49 
59 51 43 48 23 63 38 23 
26 42 50 40 22 31 24 26 23 36 41 44 20 38 42 47 49 30 24 41 28 44 38 24 20 26 25 27 47 31 23 38 22 37 42 39 51 22 32 
63 48 50 
29 40 
55 32 34 26 48 41 52 32 48 50 46 51 40 40 
68 51 70 46 28 40 61 41 62 49 61 44 56 31 61 20 
36 40 
63 25 58 36 43 39 50 52 54 
64 43 30 23 
58 31 23 
55 
63 45 49 39 41 48 52 21 47 44 29 58 52 37 26 45 53 50 24 31 25 25 43 27 55 33 43 37 43 30 25 35 40 48 37 51 25 20 44 38 40 42 45 54 37 42 58 36 42 57 36 41 34 47 52 37 48 40 36 25 51 24 59 30 48 31 57 43 
29 25 59 
23 37 22 51 23 32 26 29 20 54 37 
54 25 40 43 58 40 53 46 
24 
62 20 41 29 42 26 63 56 37 55 34 45 
35 
49 28 30 38 
57 50 57 42 53 38 24 20 41 55 
24 40 51 24 23 35 32 21 24 25 34 34 35 31 25 34 58 21 41 26 44 36 37 21 36 31 31 43 27 30 21 36 36 24 45 48 41 44 40 25 23 
65 27 33 38 63 64 33 24 68 33 36 72 55 34 
63 
35 32 44 
39 34 
38 37 43 50 54 41 31 56 38 42 21 
63 36 26 45 54 47 38 47 54 45 54 46 47 53 50 47 
36 38 38 39 37 49 25 28 39 38 40 38 44 30 41 
24 38 
66 31 63 61 31 32 26 30 51 40 55 68 
61 
23 26 30 37 22 23 23 
52 20 27 35 41 59 52 49 40 59 30 52 50 47 25 29 39 59 63 57 59 49 36 50 47 23 47 30 29 63 56 38 39 27 50 45 48 33 46 
66 28 47 49 56 66 69 31 71 49 34 25 30 32 28 71 49 55 24 26 59 51 29 26 59 51 54 55 54 22 25 45 32 
38 21 50 32 
61 
28 26 37 36 45 22 33 27 20 
37 
29 47 63 53 32 27 36 26 32 25 38 31 34 27 22 25 23 31 28 20 35 48 48 31 48 27 50 34 35 34 25 49 23 48 25 35 29 30 34 31 29 27 39 26 26 34 50 37 23 23 25 56 25 24 29 52 51 37 25 27 61 35 29 21 37 54 37 39 20 30 
35 35 37 51 27 49 39 33 53 31 32 53 54 45 48 32 30 
63 47 32 
21 
22 50 31 
38 39 51 
28 32 47 45 36 52 31 28 36 59 51 24 54 29 27 39 29 24 38 31 39 37 20 24 50 28 23 39 38 29 
57 
61 34 35 
56 26 59 32 51 53 36 34 36 54 53 31 37 35 
30 
67 67 58 59 61 38 30 67 39 64 28 55 53 26 57 64 21 56 74 50 58 62 33 25 21 61 30 
33 32 39 
61 35 29 53 56 56 28 54 39 31 37 27 
60 25 34 38 
37 
59 30 35 56 35 34 28 24 35 31 58 58 31 53 21 28 21 57 52 30 28 22 37 51 59 59 28 57 38 25 39 29 39 37 39 33 39 26 25 56 39 22 29 25 58 58 23 
38 25 20 
37 30 36 29 35 38 
63 59 39 31 24 36 28 38 55 29 31 
35 55 32 37 
61 32 34 20 37 
64 24 30 29 34 21 36 29 33 29 
38 
21 26 
26 27 20 31 38 30 21 35 
29 26 23 30 25 27 24 31 27 20 37 35 32 27 27 59 30 28 31 
69 
37 31 35 25 23 26 21 26 38 
63 29 
68 61 61 30 
33 64 59 34 26 32 
55 56 25 
67 56 58 
69 
57 62 63 28 
29 56 22 25 27 24 33 23 27 25 38 38 28 35 35 36 24 27 36 27 20 38 29 23 28 35 35 33 25 39 58 34 58 
59 37 
37 38 28 
62 58 26 55 
71 64 62 
56 25 35 28 33 39 28 62 37 
63 24 34 29 30 31 37 
27 21 29 23 33 27 39 25 33 59 30 57 37 29 57 
68 72 27 26 
64 57 
59 27 35 
58 38 
25 35 63 37 27 23 21 27 38 38 28 35 25 28 23 38 23 20 20 29 37 63 24 38 37 29 28 29 
56 59 55 24 39 
39 23 26 37 26 59 37 35 36 25 
62 25 26 
66 29 66 37 70 64 25 38 39 36 61 65 67 57 25 64 64 26 67 62 67 36 60 59 35 25 60 38 25 36 25 59 60 29 64 56 57 25 69 71 29 63 63 57 55 69 60 56 63 64 57 58 26 28 60 58 37 25 56 38 64 55 63 66 65 
67 62 
67 68 
35 
69 29 66 62 62 
58 28 35 25 27 36 37 58 38 55 35 
60 58 
59 35 37 38 59 
69 59 55 59 
60 36 59 
57 36 
69 
65 64 59 67 
67 58 
59 39 58 
59 56 35 36 38 36 63 58 38 37 39 36 
66 72 72 
60 57 35 56 63 59 36 38 35 55 58 55 59 57 55 57 59 58 55 63 60 57 57 59 59 58 55 58 56 59 57 62 57 55 57 55 57 59 59 55 63 57 58 55 55 55 57 56 59 59 59 58 59 57 56 55 59 56 58 58 63 57 55 58 55 58 59 63 57 59 61 55 57 59 58 57 56 57 55 58 58 57 64 59 63 55 58 55 58 58 61 63 61 64 60 61 63 61 63 61 62 62 62 60 64 64 63 62 63 64 62 63 62 62 60 63 60 62 61 64 60 63 63 63 61 64 63 62 64 61 61 62 60 64 61 62 63 63 61 62 63 60 62 63 61 61 62 64 62 63 62 62 60 61 63 60 62 62 61 62 61 63 63 60 61 64 63 64 61 64 62 60 63 66 69 69 74 66 65 74 69 67 65 68 65 68 66 68 67 66 66 72 74 72 68 70 69 70 66 68 66 72 68 65 70 68 67 68 67 65 66 
69 69 65 
67 67 
69 
66 69 
65 
68 
69 67 66 69 68 68 68 66 69 68 66 66 67 68 66 67 67 65 68 66 66 68 65 65 67 68 66 65 66 69 
78 
75 
