50 50 22 24 25 
53 
49 
46 
72 16 75 
57 25 
19 
61 62 61 
25 34 49 26 29 
31 44 
71 47 
21 
64 9 
19 
29 
66 3 
31 10 31 
34 
64 29 
78 
48 2 
46 
51 52 2 53 
46 8 17 
54 21 
81 
31 0 37 
68 28 
52 27 
61 
79 
65 68 
79 
29 56 53 
34 7 
40 17 25 
36 29 18 
73 
18 
40 40 7 
32 38 
33 3 
37 5 
69 37 
49 45 
64 62 
34 
64 63 39 
50 16 23 
54 22 6 
89 
45 18 
53 
40 37 
54 
55 27 
61 1 63 
33 
69 
51 22 28 51 
53 
41 3 43 40 31 
22 
57 38 
28 8 
37 
69 66 
47 9 28 0 
65 40 
38 
72 79 
40 
69 65 
50 12 
33 
84 17 
46 27 10 38 44 
46 
56 22 
77 
20 
47 45 28 49 
23 22 18 64 40 42 20 
63 60 
41 40 
43 13 18 10 0 
43 35 43 11 
68 
35 6 2 14 
75 35 
44 
52 
25 
53 0 52 1 15 
62 60 8 1 44 
42 16 14 11 8 
45 15 12 42 
36 
42 16 11 14 11 1 
76 41 
40 33 27 40 43 13 
79 71 
74 31 
55 34 28 24 
61 0 66 28 
50 53 
67 66 
48 2 6 36 
53 
59 
52 
61 53 40 
61 5 4 50 4 
36 8 8 30 
70 36 
66 
19 
63 57 
29 29 3 25 
52 
39 14 
79 
47 27 46 16 
54 50 
27 
27 14 
51 25 2 10 42 
78 78 17 
39 37 39 1 3 8 44 
58 58 56 15 7 
62 29 31 
38 1 39 27 31 
41 40 
60 61 24 0 
66 6 
66 31 
55 56 
45 7 15 
72 17 
56 58 
67 38 
50 16 11 16 21 47 
39 
73 17 
56 
21 
55 51 
71 28 8 
53 30 15 17 
41 
36 9 
37 
47 20 2 
29 20 28 
61 0 
52 56 29 30 
18 
55 31 
82 
80 3 15 
44 42 23 11 
45 
31 
59 
66 66 
32 3 29 
55 25 56 
46 49 20 
42 13 16 41 
42 1 5 35 
46 16 14 
68 0 
73 70 
42 
34 
75 6 
55 26 
67 44 
29 2 79 
35 5 9 
65 44 
77 
18 
54 1 18 9 
28 5 29 26 24 
42 41 27 
69 8 1 13 
47 31 11 12 
36 38 
48 47 29 48 53 
40 43 1 25 
24 59 22 26 
29 
65 8 
57 
22 
65 65 
57 57 
37 28 
64 
43 
42 44 30 
39 39 19 37 31 
70 12 
55 58 16 
27 25 29 
59 
43 13 29 24 40 43 
51 
44 6 42 46 
35 
23 21 31 54 24 41 
46 16 16 21 
64 41 
58 58 
35 32 25 13 
29 26 
53 44 
51 58 52 2 50 51 3 
32 63 7 7 
32 32 
72 
63 62 
72 54 
37 9 
72 7 
61 24 
36 5 12 0 
62 
61 65 62 8 
55 25 20 
75 
25 
65 45 
27 9 58 
37 26 11 5 
21 
42 8 6 5 64 39 48 
67 
80 9 75 1 
27 
44 0 15 12 9 
81 1 
30 3 3 30 
62 63 
52 10 53 
50 
23 23 
52 
50 10 54 
18 
66 21 
63 27 
35 36 
47 35 10 18 
60 33 
53 46 
60 56 
54 3 
57 25 55 
29 5 28 
56 22 24 
36 61 4 15 6 
50 50 24 
56 
54 12 11 52 
61 14 5 
42 15 43 29 
25 60 0 
41 14 14 14 
79 52 51 
45 45 13 
46 20 39 9 
83 50 
31 
47 36 45 11 19 
28 28 30 
52 38 28 52 51 
52 50 
28 26 
37 10 
61 64 
40 
30 39 1 33 
68 9 
28 27 26 
29 27 
23 24 
64 24 29 37 
38 14 9 6 2 
42 16 42 28 42 44 
84 
37 27 49 37 0 
57 29 
48 
43 13 6 65 
37 26 3 4 
59 
58 15 
44 53 18 8 
19 11 46 15 9 15 
39 39 36 6 35 
65 11 69 
59 27 52 15 
48 40 79 
84 
45 51 9 
53 20 51 50 
71 
48 41 52 26 
47 46 45 17 
52 5 51 58 
49 31 
93 47 
89 27 62 
65 10 
45 45 6 10 24 
54 53 37 27 47 55 
58 10 
45 46 26 51 
65 56 
36 6 0 
58 27 
50 24 
63 25 
63 63 
67 27 69 64 
27 22 
32 
79 
30 0 
67 4 
59 0 
18 
50 
48 17 16 
78 1 
55 8 
55 32 11 
56 46 
33 
72 25 40 
68 58 
70 
59 51 63 
29 55 
38 33 8 9 0 
43 31 
50 
52 50 45 
30 2 
29 28 7 
43 
37 
40 8 12 
50 10 50 
74 70 
59 17 
35 37 63 37 54 
42 38 9 42 17 11 
47 49 38 2 
35 
29 25 
49 36 
74 54 
47 26 26 
42 8 8 
69 10 
41 37 12 38 40 44 6 
54 78 52 45 7 
55 
85 77 
59 
44 30 
62 46 5 
28 28 1 25 
73 11 
65 8 
30 
39 8 3 35 8 14 
54 19 
49 47 15 
60 63 
79 14 
40 48 31 19 
32 36 5 
67 
27 31 
40 11 27 43 9 
26 26 
59 3 
72 7 
67 36 50 
39 55 
35 15 24 6 
62 64 6 30 17 57 9 
64 26 2 
42 25 28 44 14 42 
34 
34 
25 
62 8 
55 59 
36 34 38 17 
54 54 
36 
37 9 
84 79 
25 25 9 6 
22 
53 51 
36 3 
52 11 39 
55 3 19 8 
63 34 2 
41 40 
41 
30 32 
37 6 
41 19 42 42 
50 46 50 
50 30 
54 50 
22 49 61 
52 29 10 18 52 
28 27 
39 0 43 6 35 38 
84 49 
36 
47 40 7 53 49 
69 30 
27 
57 53 
18 
83 
36 4 12 13 
45 
50 58 
38 36 5 4 8 
85 77 
52 11 
29 2 50 
40 17 16 20 
19 
37 39 38 21 
39 
70 12 
33 3 9 32 2 11 
50 23 53 16 
40 31 
62 9 
33 32 10 30 17 6 9 
38 17 
32 
61 33 64 
58 52 
36 4 39 
33 32 61 34 
22 
69 65 
93 
53 22 1 
98 51 
37 30 37 12 
30 33 34 24 
60 5 
61 
30 29 8 12 8 68 9 
18 
42 6 1 12 
36 11 38 5 9 
18 
40 11 36 
69 30 
24 29 52 
76 77 
21 45 
42 
27 
35 5 30 5 31 
28 
26 4 
45 12 
34 9 24 6 
48 45 13 
81 
72 8 73 
24 
18 
72 
32 34 6 
33 26 34 39 
35 7 
30 38 
27 27 56 
48 29 
27 
36 11 
60 24 
59 
56 16 62 
55 28 
56 16 49 15 52 62 1 
67 29 
39 
77 55 43 
61 6 
24 21 
41 39 12 14 
26 25 
51 0 53 53 
36 70 32 19 36 3 4 
49 
44 11 40 
20 53 29 
53 
54 23 50 15 
32 32 
43 
45 
77 9 62 
32 39 32 34 
49 42 0 16 22 29 
84 54 
21 17 
59 
34 9 
30 0 33 
33 3 39 9 
41 17 10 
24 26 
35 14 3 
31 34 27 4 
73 17 
30 2 
68 66 31 
51 3 55 30 
68 65 
64 36 62 16 
40 27 
39 32 5 
65 
34 30 38 41 
26 15 
30 
41 
21 28 
35 
37 9 36 9 
24 
62 51 
40 
34 3 52 
61 64 
27 50 28 25 
45 
63 69 
33 30 
54 22 15 
47 47 26 
35 4 45 
47 1 17 
38 
31 27 25 3 
41 
70 8 
69 
67 40 
80 28 
65 12 
53 7 0 50 
52 0 
93 0 
33 4 32 25 12 14 
21 
41 14 
32 34 25 
60 28 63 
76 
61 42 36 
65 
46 17 
66 43 
39 38 43 37 
65 73 69 
92 
53 59 2 46 
27 29 
39 17 
67 
75 2 
65 12 
32 
45 
18 
32 24 
66 
53 14 50 48 
37 17 9 8 0 37 16 
53 2 27 53 7 78 
60 62 
56 
28 54 30 5 
31 34 
41 7 8 44 13 
58 47 2 
66 66 
32 6 29 1 
57 5 
31 5 
22 20 
18 
35 
47 
77 17 
43 1 40 17 
26 2 52 2 
37 37 0 41 
67 43 74 17 
52 19 55 
54 46 
29 
29 
74 
69 8 
21 36 22 11 
27 26 
26 25 0 5 
35 16 
36 
65 64 
26 
27 
64 29 56 
74 1 
31 0 7 
48 38 19 18 
38 14 6 
63 
21 16 21 21 23 
35 
38 12 37 17 5 22 14 
25 
75 
48 48 
40 18 26 10 
21 
57 5 6 15 
28 7 21 25 28 18 7 
30 5 
26 53 56 27 
20 
43 10 15 7 
24 2 
83 37 
42 30 7 
37 37 36 10 
34 34 53 59 
59 36 
42 
56 29 
45 77 38 15 13 53 
32 5 0 9 6 
77 28 
40 25 
58 17 59 
41 8 41 
32 22 30 30 
32 32 25 
45 2 22 48 
59 60 
36 4 
42 9 48 36 
35 8 7 
38 7 35 4 30 14 
33 58 5 30 
81 43 
26 64 
45 53 17 
51 42 
29 
56 40 26 
92 58 
36 2 18 
39 0 
54 
19 
53 27 
71 10 30 70 72 14 
26 
28 50 
72 22 
42 9 14 40 68 17 52 
44 5 40 9 15 12 
40 44 
44 11 17 44 
37 
40 54 32 16 30 
32 3 30 32 
66 48 67 9 65 68 
33 30 37 
34 33 31 
36 43 35 
75 7 
66 0 26 
38 
48 
41 8 
64 32 
74 7 
65 5 
54 50 
33 0 8 
30 
27 
20 
56 26 
69 7 60 67 64 40 
67 14 
49 41 16 28 
69 55 
63 
71 40 
94 10 
65 7 
49 46 22 
68 67 
19 
79 40 
35 36 24 57 
68 
26 
73 
41 
31 30 
29 
47 
72 78 
25 
75 75 
63 59 
29 
34 
34 4 6 4 
35 4 55 5 
57 10 
65 
52 23 24 
71 8 
50 18 26 
71 41 6 
21 17 
45 7 46 29 20 47 
50 
46 47 
32 
69 63 
38 5 8 39 
38 58 12 
48 46 79 23 
67 66 
69 36 
25 28 28 
34 5 
32 8 
36 12 12 
85 76 
60 
30 
71 68 
71 11 
31 
83 19 
73 61 
77 2 
60 57 
64 60 
18 
53 55 
72 
61 59 
28 27 25 29 
30 
66 2 0 
35 35 43 1 
47 
42 41 
72 4 
63 2 61 
45 14 1 
86 
41 8 42 23 47 
35 40 27 8 
41 
58 
79 
69 11 
33 62 31 
27 
26 28 28 25 25 34 10 
65 15 
32 33 36 
58 25 
64 25 64 
54 
62 62 
35 13 3 8 
85 46 
73 62 
49 
30 3 
22 
41 17 11 14 25 
48 58 15 54 
22 
66 2 
33 8 29 34 
51 3 4 
71 72 34 
26 
30 10 14 3 25 
53 50 
36 
34 31 7 9 
31 0 13 31 9 63 0 
51 
61 25 
48 20 31 42 
35 59 37 16 
35 
23 22 
70 25 
28 9 11 51 
77 26 
33 30 32 37 
20 20 
51 20 3 
92 9 
46 31 26 15 
37 10 17 
49 16 
38 37 38 37 
36 30 
53 1 53 54 
29 
41 
66 31 
72 
34 
67 67 
82 47 
32 58 29 
54 
69 13 59 38 31 1 
52 49 
60 4 
70 
57 29 55 27 
64 55 26 
48 
31 38 33 30 
85 11 
44 27 46 35 43 
21 
30 39 34 6 
28 26 27 26 34 
41 10 17 23 12 
31 29 
59 10 
55 4 
88 
55 
34 14 
43 33 16 8 7 
47 12 17 17 
42 
53 53 52 32 8 
41 
66 33 40 0 
57 
69 43 
46 48 
47 13 5 48 
65 
68 32 
82 
41 
26 34 23 
25 
76 
36 37 6 26 
74 8 
58 4 
23 
51 54 23 50 
77 76 
49 11 22 
27 41 1 23 50 
43 35 16 
21 
49 23 55 53 
72 17 
44 37 12 
64 31 34 46 
42 43 26 
67 66 
61 3 
57 57 59 
23 52 
49 37 12 9 5 53 
47 28 
63 25 61 
36 36 50 2 37 30 11 
21 
28 21 20 27 
60 56 
62 13 
31 
68 17 
33 30 60 10 
44 32 43 
72 11 
63 2 
38 
58 62 24 61 
66 65 47 
47 
35 36 3 0 
36 6 9 0 
32 30 
35 27 65 37 43 16 31 
35 35 10 5 
43 
36 
22 22 
75 
29 
50 28 23 16 52 50 
62 18 
56 4 
38 47 35 19 
31 32 7 
44 
28 
40 42 8 50 
47 23 25 44 15 49 
38 37 13 42 
66 65 
43 6 43 
59 17 15 59 57 56 
47 31 
69 
44 25 48 40 
68 
65 25 
47 
60 29 
63 30 
30 
48 
27 
41 38 
45 22 
23 
37 6 5 42 
54 52 10 17 
31 13 6 
61 60 
32 24 10 6 
81 
18 
45 
65 30 
80 
36 38 38 39 
48 20 18 3 
33 8 17 32 
40 27 15 11 
51 13 
74 6 
74 40 
42 5 15 44 7 
71 42 
32 33 
64 51 
58 31 
19 
72 2 
51 30 53 
76 8 
45 15 19 
40 43 44 
30 62 30 34 38 7 
44 40 32 
93 61 
49 
55 27 
29 
49 
44 25 44 38 
82 13 
28 
42 40 43 
55 11 
28 2 
79 34 26 5 
39 2 37 7 38 
39 5 16 
69 39 6 
55 55 
88 34 
50 51 18 
32 32 14 8 33 34 
56 58 
20 
53 19 1 19 39 
23 1 24 
25 
61 64 
22 
18 
81 78 
73 43 
35 5 39 8 17 
74 76 
44 9 43 
64 50 
62 
63 13 4 
53 51 14 6 
64 5 9 
24 
59 51 54 63 
35 5 0 37 
49 19 
27 27 8 
74 45 
20 19 22 21 
26 39 
43 13 43 
63 
72 9 
25 8 
53 
48 49 15 8 
67 68 
29 22 27 26 
27 
30 33 30 30 0 33 
40 
28 64 
53 28 11 23 50 
79 
46 
74 48 
71 74 
49 45 45 
44 
26 53 5 
20 
63 
35 
54 
35 10 31 4 
62 5 
63 53 
54 26 
72 39 
39 10 38 
81 77 
48 29 50 17 
40 13 16 
57 65 
87 
19 
42 7 40 
61 
61 71 
59 23 
24 
36 52 0 
62 61 8 64 
66 61 
34 
34 22 
96 
43 
46 4 62 
39 
24 
57 
58 31 26 55 
39 26 
58 59 5 57 
47 10 20 46 
72 28 
51 54 21 
87 
42 1 35 28 9 
67 43 
38 7 
41 42 41 40 
90 
45 8 15 
92 3 
41 42 42 7 
27 22 
44 
51 49 16 
89 23 
38 35 10 3 15 
23 24 4 
49 
72 7 61 
58 6 27 31 29 33 
35 
37 
37 
36 
67 67 
69 69 
35 33 30 6 
62 
25 54 40 
54 40 38 
67 
58 
49 48 21 13 23 
67 
70 
70 42 
60 12 41 
39 8 11 
68 31 
53 49 1 
18 
63 24 63 
62 63 60 
52 64 
35 63 39 49 12 13 
29 27 26 
84 7 
54 37 
32 5 32 5 
26 47 30 24 
32 5 7 32 
83 22 
40 25 4 
29 7 27 8 25 
75 72 16 
85 3 
58 25 
99 2 57 49 51 
83 1 
48 50 
69 36 
53 23 
37 32 
37 38 35 3 
68 
47 
21 22 51 25 
49 19 41 
18 
32 30 
56 24 20 
65 
83 30 
55 1 
82 12 
19 
50 16 54 
73 38 
18 
46 10 1 6 
37 
37 38 39 5 36 14 
36 36 13 9 16 
58 22 
21 50 
19 
65 74 
26 27 
61 5 
30 25 
32 
25 
44 43 20 13 
74 45 
66 6 
36 44 4 14 9 
85 20 
28 28 
66 
34 
26 
55 24 
84 
91 11 
54 
60 63 
37 
66 23 11 
29 25 57 2 3 2 
62 5 
81 43 
38 3 43 39 
33 28 32 3 
88 
45 
48 16 18 27 
28 
51 26 0 
30 31 
43 19 19 42 
66 35 
91 71 
66 5 
27 29 
28 28 
72 49 
61 37 15 
50 14 
39 36 38 32 14 
56 25 
22 
58 
19 
51 
52 9 
38 
32 31 
39 
93 72 8 
47 46 45 
65 19 22 
39 38 30 3 
44 7 44 40 
67 68 
58 
68 11 
33 34 
42 5 44 41 41 
74 
59 57 54 
43 12 11 41 21 28 12 
42 
50 
41 44 12 
63 67 
70 18 
63 55 
65 36 
18 9 20 30 34 16 15 
36 9 
57 
66 
40 42 44 31 4 41 15 
52 
46 46 41 17 
51 10 
57 41 56 
57 62 
64 
59 17 
57 57 58 24 
67 31 
72 78 
72 38 
26 
70 
75 
74 27 46 
41 26 
41 15 0 22 
25 49 26 26 29 
58 49 
61 
35 
21 
59 
40 14 
63 28 50 58 
54 52 47 26 
46 45 44 26 
35 
42 
33 
33 0 
46 23 10 
52 36 
69 
73 71 
98 45 
52 15 23 9 12 
64 34 
71 
45 
27 25 23 
69 57 
37 11 9 35 
66 
53 59 
26 4 
61 61 
58 53 
44 37 
26 28 0 52 
43 
28 25 3 
58 
63 
39 
40 31 43 37 
31 22 9 4 13 
31 24 34 4 
73 
38 11 38 
45 22 22 
62 1 
35 37 
29 54 
39 36 10 9 
35 0 5 
40 62 
43 2 42 2 
26 19 20 
68 67 
48 46 53 
71 13 
48 19 23 31 
33 
37 17 5 11 
62 8 
68 5 
60 40 
39 46 47 
30 
37 14 6 
29 
66 16 
51 37 
29 29 2 
63 36 
47 
58 52 
56 16 30 59 57 
32 9 10 31 4 
38 1 0 6 
52 
23 
64 28 
55 17 
46 49 8 7 52 53 1 
70 10 
45 16 25 42 52 1 46 
27 
33 31 8 
60 21 61 11 63 64 61 
48 54 
36 35 1 
70 50 
20 
55 58 25 
66 13 
48 28 
27 27 
33 
48 
30 
34 33 10 30 
55 24 11 
42 37 
68 65 
46 32 47 11 
69 
54 27 21 28 
36 14 35 37 
64 42 
71 47 
52 28 
69 40 
69 29 
66 12 28 78 
49 23 47 23 
95 
27 29 
89 44 
53 25 23 
33 
19 
75 50 
37 18 3 
46 15 12 
74 3 12 
59 64 
65 
41 0 28 
65 
59 26 21 21 54 3 
70 38 6 8 
43 14 15 15 
59 
55 7 
28 22 2 29 
62 68 64 
78 
35 38 19 34 
65 7 
60 3 
73 73 
33 33 3 30 
33 
56 15 57 
78 25 
85 11 
40 
49 25 42 32 25 45 
68 68 
64 69 33 44 
63 67 44 
83 11 
20 
44 16 40 
25 
33 0 3 34 
63 10 
67 69 66 19 
56 1 
40 36 10 
29 30 0 52 
85 43 
48 27 47 
47 19 
69 30 
67 32 
78 46 
41 11 
61 35 
32 31 28 30 
87 70 
36 
53 
18 
55 29 22 
59 57 
55 56 13 6 
39 5 25 7 3 
54 56 11 
72 
20 26 
39 
52 
37 
83 6 
49 
60 17 
65 
45 24 
39 
19 
52 50 
35 11 35 20 
27 
23 49 59 28 45 23 
24 
47 17 47 
47 59 
54 
53 32 
40 18 32 15 
33 
67 31 
56 55 
68 
69 
31 30 62 24 29 
42 19 22 49 
42 35 18 8 
25 39 2 26 29 25 0 
64 
40 1 26 6 
40 2 
57 23 59 
55 56 57 15 
35 37 4 42 0 9 
85 
44 11 10 13 
68 40 
36 7 
80 17 
49 18 17 29 
50 56 
64 58 
43 13 
23 
21 21 
46 45 
65 39 
35 12 11 
67 37 
67 32 
51 23 3 26 
34 
44 
42 
25 59 27 33 
50 50 0 
78 17 
18 20 16 
55 32 19 53 55 
49 18 
62 
23 
23 19 23 24 
89 77 
54 51 
31 12 32 
58 22 25 
48 44 17 
69 
37 27 
63 26 
62 63 
80 19 
57 21 27 
67 34 
64 14 28 62 
36 35 33 32 31 
40 
61 4 37 53 
39 41 32 3 10 
29 
68 26 
65 32 
61 61 
31 
21 
20 
25 28 25 3 
84 48 
68 27 
54 51 52 25 
59 52 
57 32 
67 8 
62 28 65 
27 26 
30 0 26 10 
49 46 29 51 
24 44 22 
66 66 
35 
61 60 57 16 57 
31 33 
51 
38 
67 55 36 
53 
60 26 
62 35 
74 73 
53 26 23 34 
74 25 
59 22 
63 58 35 
63 
35 61 36 1 
93 6 
39 
65 30 
39 36 39 27 
36 36 8 
36 36 33 3 
42 
76 17 
60 27 
45 
62 63 
45 38 
47 
48 6 
74 6 49 43 61 7 
74 
32 3 
54 
21 
36 39 39 3 
63 40 
67 18 
73 
75 44 
45 16 20 13 
91 45 
77 6 
42 
56 55 63 
71 74 
82 46 
45 
61 8 
59 59 
39 12 4 44 39 2 1 
69 
66 21 65 
52 
21 
38 35 0 
75 66 
21 20 27 
52 2 47 
54 10 
22 24 21 24 
22 
44 10 
45 49 11 4 43 
31 31 
77 
70 71 
36 0 32 
51 23 59 
23 
65 66 
43 5 11 12 
66 32 13 48 
37 38 12 9 
75 32 
60 21 
45 47 16 
34 
38 
38 35 4 40 
34 10 
68 27 59 
21 
65 
39 38 6 37 
50 14 13 23 
31 
40 7 4 14 
51 54 
55 39 
38 
28 
54 
71 
20 20 48 
61 61 
37 13 11 
48 
77 17 
44 15 13 12 40 
36 12 1 
23 
59 
40 9 40 68 47 
57 1 
56 
18 
31 
49 48 
47 47 48 
52 
52 34 21 
41 74 5 44 
23 24 24 
63 24 
66 
48 
68 5 
23 20 
27 
49 
18 
86 12 
31 31 35 39 
35 
58 
65 35 
62 0 
32 10 33 3 6 
63 7 
67 57 68 32 14 11 8 
69 
46 0 47 8 47 
68 68 30 68 69 
40 49 44 
27 
36 17 38 
48 19 22 
58 31 
26 26 29 26 
79 76 
35 2 37 5 27 37 37 
48 45 
66 69 
59 
78 
64 56 62 
58 
69 2 
45 15 15 
24 22 17 
88 27 
47 30 45 
50 
50 54 
29 8 24 24 
32 9 25 
57 
58 
37 37 
78 8 
56 50 
43 42 40 1 44 15 
73 14 
36 13 19 13 
36 9 36 
34 11 2 13 1 
75 1 
36 3 
27 2 34 26 28 
52 10 26 16 
27 2 52 
33 
26 2 
19 33 
59 48 53 33 58 55 57 
76 51 
18 
84 42 
40 40 
68 68 
63 38 
41 15 
56 
57 
67 57 
47 30 21 
65 65 
66 40 
42 41 69 
54 64 
25 
89 69 
46 49 15 
70 41 
61 5 
63 4 34 26 
32 57 33 1 
53 28 59 1 
27 34 
25 53 
38 
63 
48 6 36 0 
61 62 
63 30 64 
51 29 16 
35 
30 22 27 
37 42 7 2 39 
63 57 32 30 
27 25 25 
30 
62 15 
33 6 15 
31 31 
67 66 
70 27 
41 
39 37 64 32 40 
95 15 
19 
27 26 28 
74 68 
57 
60 0 
30 33 31 
46 
18 
36 
21 20 
40 
63 60 
69 12 
50 29 4 
37 30 10 44 60 38 
47 49 53 
53 51 
42 16 
44 15 44 12 43 
62 3 
46 15 
49 45 14 45 
18 14 43 
57 
42 
69 43 32 45 
67 12 
45 48 38 10 16 
54 52 
25 1 52 26 
52 9 52 
41 4 69 41 
44 41 
70 21 
28 60 
18 
18 
52 
41 
66 63 
63 3 
27 14 63 20 
43 
69 42 6 
64 17 
68 
44 46 17 
24 29 20 
62 45 68 
71 29 
39 35 9 17 
43 
53 
42 43 10 42 
30 16 
69 
82 
75 
31 
21 49 18 20 
56 0 
48 24 48 21 48 
47 
30 33 
54 59 52 28 
19 46 
62 29 3 
22 
77 16 15 13 
54 22 
18 
57 58 15 3 27 55 
50 
28 
41 
32 4 34 40 
44 
49 11 20 48 
59 33 19 
71 15 
50 51 12 50 
45 29 
60 
53 13 54 
25 
62 30 61 
32 6 
63 4 32 
31 5 8 2 
58 23 78 
32 
49 26 7 
59 
61 10 23 
33 39 
59 32 47 
27 52 27 22 
25 
36 42 25 9 
40 9 11 
74 30 
61 62 61 8 
39 2 2 11 11 
36 
26 21 23 0 
22 
64 34 26 
59 6 
54 
63 0 6 
56 16 
31 
77 9 
32 
62 64 
43 37 10 
48 31 
23 16 27 25 
36 27 8 
31 
55 
55 58 
26 
39 15 
18 
18 19 45 32 
30 4 63 30 27 2 32 
29 61 26 34 25 
52 29 53 10 
50 
43 
52 52 
63 63 
37 38 5 
29 6 
54 55 23 
39 7 17 6 
50 44 57 
31 
50 16 58 25 
32 8 
70 70 
40 44 8 43 
65 23 
35 
39 35 8 5 18 44 
39 36 4 9 
19 
29 45 
42 
58 56 
66 13 
30 10 
83 
45 
68 25 61 
40 43 13 4 
73 14 
40 11 0 42 
75 47 43 
43 14 28 9 
73 65 
33 32 57 
40 8 45 
60 39 
75 49 
52 4 52 15 58 
49 48 4 47 
59 56 
58 24 28 
45 49 10 
21 20 
63 10 
26 53 58 53 
65 6 
38 41 
51 2 
59 17 78 
68 
46 
21 43 53 15 26 
66 35 
65 67 
85 45 
39 37 0 39 
67 35 
34 4 11 49 
51 8 19 52 
25 
29 50 28 
82 6 
58 
30 
63 63 10 
35 27 39 35 
59 29 1 
43 44 
75 
73 69 55 
55 
19 
41 10 
53 53 9 1 
27 51 25 59 15 22 
68 
56 5 
74 30 13 
50 
56 6 
25 
39 35 10 37 35 
83 76 
44 13 5 
45 5 
81 3 
68 9 
31 
66 43 
37 
22 
39 14 
44 20 13 5 
47 63 12 18 
77 
41 16 8 16 
43 42 14 26 
32 33 8 29 
47 25 15 32 
36 25 18 35 27 
38 9 5 
58 58 
32 8 
63 
63 
67 73 30 66 
54 28 12 13 21 
78 7 
57 57 19 
57 3 6 
28 29 
48 22 7 
33 
38 12 41 3 
71 26 56 
46 45 48 43 
88 71 
43 9 44 47 44 
59 15 21 
70 26 64 13 
58 27 
35 6 9 17 36 
42 
37 40 
42 9 35 42 1 44 9 
24 23 19 
36 35 4 3 
66 
20 
19 
74 
43 5 19 
34 4 35 
66 
25 
61 67 60 
61 55 
48 38 46 22 49 
27 
65 67 15 66 3 21 11 
53 78 27 
30 
40 11 11 17 47 
41 43 21 27 
71 43 
41 10 42 
67 61 
23 15 
41 67 35 26 
60 0 
69 55 
41 
41 31 16 16 40 5 
18 
28 1 
42 26 19 44 47 
23 28 55 24 
79 31 5 
62 
43 
36 37 35 14 8 
55 63 
49 21 48 
65 
80 
28 29 41 
51 
72 1 51 
62 23 3 31 57 
37 8 9 12 
65 15 
36 37 
57 19 52 10 11 29 
39 
66 
39 
67 
67 
48 11 14 
70 74 
31 
32 32 32 30 6 
49 48 
50 29 56 
52 3 47 56 1 
44 
64 4 
23 41 
73 9 
72 
68 68 
43 54 11 41 
36 45 0 
60 
29 28 29 25 
29 
63 
29 51 
41 15 43 37 33 
69 
25 29 57 
32 
38 29 10 38 
58 
38 
46 46 
57 29 
56 64 50 26 
19 
45 
27 0 
43 12 36 6 47 15 40 
21 
46 
37 
34 43 
58 21 14 
64 2 
67 57 
69 27 14 
50 12 49 41 
85 73 
64 
72 47 
99 3 
38 
96 5 13 
59 20 
18 17 46 47 
68 37 
36 
34 33 32 5 30 
59 34 56 31 
61 60 39 
31 
68 13 
49 
54 56 
53 
53 20 
65 30 
66 0 
65 10 
52 
26 27 28 
57 78 
24 21 
25 60 2 3 19 
66 8 
77 
28 34 
57 38 
56 68 5 
41 44 23 40 
61 
27 
40 57 32 51 
27 25 
54 
48 26 
56 47 
28 61 
45 49 44 
83 53 
45 
70 10 47 
71 
35 
45 15 28 48 28 
37 13 2 
58 59 
43 
65 69 
55 34 1 
48 5 15 26 77 
52 1 
42 17 39 23 
63 63 
60 
82 61 
24 
42 13 20 
50 
66 17 
20 
18 43 23 
39 36 9 9 
87 48 6 
27 46 9 23 
52 
32 8 
82 
38 
68 5 
71 38 
76 71 75 78 
41 
50 47 18 6 
52 
69 37 
55 
48 
57 52 
43 41 
24 2 43 
84 35 67 10 
36 43 
66 67 66 70 
41 6 13 9 49 18 
29 7 11 29 3 
41 42 16 31 
57 47 1 64 
54 9 3 46 
61 
34 
41 40 41 17 
32 35 4 27 
59 55 
34 16 32 32 
71 
19 
18 
30 32 27 34 
71 27 
34 
38 
42 11 28 13 8 
20 24 47 
37 
64 63 
45 22 47 49 
57 3 29 32 
59 51 
37 40 7 4 
66 9 
54 4 51 
31 32 7 1 
59 76 52 
30 
28 4 
46 16 27 
32 7 1 34 28 
32 1 29 
49 15 27 22 
35 38 4 7 1 42 
68 32 
43 48 38 28 41 
30 
47 23 19 49 
46 47 17 
20 31 
40 12 
66 69 
37 14 
54 12 
69 
35 
47 
64 57 
72 20 
93 32 
50 62 
26 25 28 43 
29 27 25 25 27 
61 35 0 
48 23 26 
54 
26 28 26 27 
50 23 14 
38 4 
54 11 
65 23 
36 14 
73 
61 26 
30 
67 12 
32 1 0 
62 8 35 66 
44 
56 36 
62 
71 
18 
50 
71 73 
49 23 11 16 24 0 
59 17 4 30 
27 
42 
27 10 2 
48 
41 8 4 
38 18 35 32 29 
60 
61 37 64 
45 49 
70 
45 19 
74 
59 34 49 
62 64 40 
29 29 
54 22 15 
18 
49 24 17 22 38 22 15 
41 8 
93 2 
47 
41 15 
35 36 6 
47 22 22 49 
41 
63 12 
68 10 
50 53 
68 26 
19 10 25 8 
25 30 52 22 
28 9 
86 
47 9 52 48 73 
77 79 
59 56 
64 58 
50 22 42 18 
38 
47 25 20 
31 9 12 
35 28 
51 25 
29 53 25 9 
53 0 22 17 54 
45 
69 
47 
21 35 
95 31 
29 35 
68 68 
23 
52 
77 
43 11 49 
60 30 
57 61 
47 
47 53 19 
88 
46 
65 51 
49 23 17 22 
86 55 
36 7 5 41 7 
39 16 
73 62 34 47 
56 51 13 
68 28 
33 4 31 
57 28 
36 19 6 12 64 43 35 
40 
34 2 1 
21 
39 9 12 
46 
60 0 
27 
67 5 
58 55 
59 12 22 
47 46 12 
37 35 9 11 13 
45 
57 20 7 20 
58 
52 15 51 34 51 
57 58 
42 26 18 0 
19 32 32 36 
53 
40 47 5 
69 55 68 13 
62 59 
41 
60 60 
56 
55 
73 
57 22 59 
51 59 
59 53 
32 12 30 14 
53 49 54 23 
28 54 16 4 
38 8 3 
62 1 
54 17 50 
51 50 3 53 
45 47 46 
43 
74 11 69 
19 
58 3 
66 70 
89 
36 11 
65 28 39 
41 37 0 
51 52 7 60 
56 24 
91 33 
19 
39 
44 13 
41 39 
53 40 11 
24 46 52 
59 5 25 31 
34 12 32 
75 4 
68 7 29 
48 48 
19 
39 4 14 30 
55 
41 
60 36 
49 45 17 
49 47 
25 33 28 
79 
28 21 
43 8 8 
53 52 52 
67 1 
39 3 74 2 
29 
32 32 60 6 6 
27 3 2 3 
36 
60 
85 17 
57 51 
31 
64 30 
25 
36 37 
25 1 58 34 
47 8 
27 59 49 
50 14 27 
58 20 26 
32 6 4 
75 18 
46 46 
63 63 
66 59 42 
54 59 
33 
28 
19 
39 
60 7 
64 11 59 5 62 
91 
69 
51 23 29 24 
63 
52 54 20 
60 53 63 56 31 4 50 
23 
20 30 20 29 
23 4 24 26 32 
22 
47 
47 
71 12 
79 12 11 
51 8 33 
51 
41 17 
88 0 
59 
38 
27 5 1 
45 48 15 
47 
43 45 
64 26 30 
40 40 2 19 43 27 52 
46 
39 5 12 
61 60 56 
46 49 49 
56 26 28 
57 9 58 
64 62 
37 15 0 
19 
43 17 30 33 
43 16 42 10 
30 30 32 34 
64 
18 
39 0 39 29 
73 10 
26 
66 0 
37 3 38 1 
49 24 
69 62 
40 2 6 29 
31 6 
49 40 23 44 
18 
20 
46 27 6 21 
30 
26 
57 27 59 3 55 
55 22 
40 40 6 14 9 2 
59 
62 14 62 7 
31 32 
48 14 45 
37 29 6 
26 8 
46 
64 60 
57 4 
61 
82 77 26 
23 23 
40 43 
55 56 
22 
47 8 25 49 
37 28 4 8 7 
24 21 64 46 
35 37 13 7 
25 2 
66 38 
68 
47 
39 37 19 10 
76 34 46 
21 21 
65 48 
58 26 
49 
56 9 
36 2 38 39 
38 11 
44 36 9 22 
35 27 39 
56 15 48 
34 
25 28 60 55 
26 53 
53 22 25 
67 39 
30 
74 
51 53 53 
65 16 
90 
68 73 
44 46 25 18 
76 13 
62 12 
51 26 26 58 
46 
52 
46 0 18 
54 50 
87 23 
50 12 59 
40 44 12 
70 47 
36 
45 18 
70 
27 
38 5 36 29 10 64 4 
37 10 30 
28 
55 55 
48 5 
39 47 
72 74 
46 17 
63 
58 23 
21 
54 
43 31 41 
51 18 
41 42 
68 
71 10 
28 
33 7 30 0 
74 14 
25 28 1 
24 40 25 23 
34 27 
43 
31 
36 35 38 
48 
48 49 
86 
42 
80 
31 27 2 10 
34 
33 
68 34 
63 61 
61 64 
30 
50 16 24 42 
54 17 1 
51 
86 
91 11 
77 
75 29 
29 
52 47 11 17 
82 11 
18 42 27 32 
36 5 9 39 14 
28 59 25 1 
39 39 
77 71 
80 
65 13 
87 51 
55 37 57 
48 17 41 
20 
71 68 
52 50 1 
74 46 
39 13 6 17 5 38 
94 76 
71 13 
53 54 15 14 17 
23 
66 61 69 43 
42 
21 54 22 22 
48 7 16 
25 57 26 
68 65 
27 9 22 29 20 
19 
62 38 9 
48 
50 52 0 50 
21 
42 2 47 8 40 
33 0 32 3 5 
41 3 
23 
59 
75 12 
57 24 
69 5 
51 
66 5 
19 40 13 26 45 
63 49 
82 1 
54 15 
23 
55 17 
75 11 
31 62 
52 19 50 4 
74 32 61 34 29 
36 
26 58 29 
29 
63 11 28 
32 
54 
36 4 6 28 
21 
51 53 13 46 
43 16 10 
59 15 
32 
68 40 14 
67 3 
33 12 
46 47 19 7 7 
23 23 
25 30 27 4 27 28 
33 4 
21 23 
41 17 43 43 
34 5 
48 24 
35 42 11 8 11 6 
48 
46 43 29 23 
72 23 
63 29 37 
66 55 29 
22 
50 0 8 14 
35 
25 31 55 4 23 
40 14 7 
65 11 22 5 
50 28 
51 4 21 45 
65 54 
28 9 25 
36 2 
18 
68 3 
36 37 6 8 
81 2 50 
69 68 
78 7 
51 
57 21 
19 
67 
67 51 17 
58 6 57 56 41 59 58 
42 8 7 38 1 
28 
57 30 
20 
67 41 
60 54 1 61 10 63 
58 
44 44 24 
54 58 
39 8 9 
29 26 48 
57 57 33 37 53 
38 19 
66 69 
20 
35 
22 48 
37 7 9 39 7 
32 
32 
27 59 
50 19 22 
65 
77 
37 
20 36 42 20 
58 55 
51 46 42 
63 
79 14 
32 
50 51 
49 21 44 26 13 
25 
56 
57 17 
61 61 
36 
45 
89 58 14 7 
49 20 
33 
48 22 26 
49 
28 
45 15 61 
37 2 10 36 
19 
74 68 
66 46 
46 
82 49 
52 5 13 
59 67 53 
61 30 63 
57 50 
28 
85 
82 31 
45 46 39 
25 
56 55 
60 51 32 
24 
39 17 
31 
66 47 
42 12 10 44 
65 60 
35 16 
36 7 32 10 
68 
28 25 7 25 0 
29 27 32 
53 33 24 
21 21 17 23 30 
34 40 
37 8 
31 32 31 10 
39 38 
50 25 31 57 58 
53 
82 34 
53 0 21 
20 25 
76 49 
62 
44 7 42 
39 
61 
31 
60 9 
51 
48 30 
18 45 17 
62 43 69 
49 25 
53 
56 17 
64 39 
46 29 26 
40 21 9 
34 0 1 7 
54 
56 
21 
75 10 51 52 
25 8 
51 25 29 
63 15 
56 22 55 
55 50 
29 0 33 
37 
66 
56 18 
27 24 
57 57 
62 
60 62 
28 
47 11 
53 
41 39 34 8 44 
38 14 
63 18 
47 44 11 
48 48 7 
52 
42 
62 30 
41 15 17 
52 15 27 
60 26 33 4 
63 58 
36 
53 10 
40 25 
65 
78 20 4 16 78 
47 46 19 45 
21 51 55 
72 
82 78 
62 63 
63 59 32 
71 72 
22 
19 38 49 7 
59 48 
71 35 7 
66 67 
73 14 
62 18 
61 25 39 
46 44 14 
44 
51 51 11 
25 
68 21 
56 16 
43 25 42 72 3 
78 42 
36 59 8 37 
34 31 34 
29 27 21 4 
39 4 9 34 15 
31 1 38 
33 
30 
58 4 
59 
31 22 27 7 
41 
35 37 30 18 39 15 
40 15 
57 31 17 
27 4 
20 45 24 
56 56 
21 23 
25 
64 35 51 10 
28 
44 13 35 8 
37 6 65 39 14 
32 42 
48 17 
18 
34 9 34 29 37 
46 
30 6 31 
34 2 
37 38 
42 2 11 13 25 
79 
93 37 
18 
23 29 50 0 
29 
26 
50 50 50 52 
42 15 5 13 
29 19 28 
32 28 32 
82 5 
48 
50 54 29 
56 11 
43 19 39 11 45 
75 
76 12 
48 
41 
29 3 37 
41 
46 
50 54 
36 4 7 
44 
34 
68 43 
76 
47 3 16 47 
71 
49 47 17 
61 59 
41 11 15 1 7 12 
51 30 48 3 
63 5 
20 
44 11 24 
35 
67 68 
65 63 
19 
47 
30 30 
26 
50 2 
40 40 16 49 
73 2 
52 
35 6 0 34 
72 34 
29 6 61 
42 
56 2 69 
66 
66 
36 0 2 15 
56 59 
56 59 
40 
66 66 
61 28 62 
69 45 
49 38 24 12 
53 77 23 
30 0 3 9 30 
65 48 2 
49 
22 16 20 
62 
67 
56 2 
75 
28 51 
46 14 21 
38 
38 8 15 42 
22 
31 7 33 30 33 
40 5 17 31 
31 1 30 8 
66 43 
49 24 45 52 46 38 17 
33 
49 25 
47 5 5 45 
59 
67 57 
64 40 30 55 
74 35 
38 8 3 38 
59 32 10 
89 41 
30 30 32 10 38 
40 43 
44 8 40 
31 34 39 
74 38 
47 45 
35 38 25 40 36 
72 70 
21 
64 55 
64 19 
43 66 14 
69 67 13 
48 41 46 17 
26 28 
54 50 
64 9 
66 68 
30 
37 
48 
53 61 
26 
24 
43 
45 45 49 10 
31 
26 
58 58 
42 
62 1 
52 52 
91 47 
53 17 
30 
71 38 39 25 
37 
61 11 
68 71 71 
24 
54 
85 79 78 
50 27 29 
48 47 
30 21 
32 8 10 
31 
41 13 13 40 
85 
19 
32 
64 22 
54 22 
44 5 43 7 
35 
74 
87 78 
30 
72 
36 9 44 14 
47 
30 31 
33 33 
78 75 
38 
70 17 
45 54 23 25 
51 
42 
30 49 31 
56 12 
69 66 
44 15 29 32 44 
36 0 61 1 29 25 
34 69 
57 15 55 
44 
37 7 4 0 
38 
41 26 43 
60 17 11 
69 62 
46 46 35 31 43 
28 57 
20 23 
70 70 
84 
67 73 
49 
65 
34 0 
40 15 
61 20 
31 
36 40 8 
58 56 71 
62 31 23 56 
51 28 41 
49 3 41 
29 2 31 
39 5 
50 13 
48 24 3 19 2 16 
41 6 41 44 
34 34 
59 40 59 
60 5 62 64 
19 17 
27 
45 14 18 
29 3 37 2 25 
33 27 30 32 33 
42 10 41 5 
33 
87 38 
57 57 
51 63 
39 
41 17 15 5 
38 4 26 
61 55 11 63 64 0 
85 13 
45 43 2 45 17 
33 14 9 
32 37 32 58 29 
43 11 13 
39 13 36 13 
39 13 70 32 
58 14 
21 
45 49 2 11 5 49 
43 
35 
46 40 
76 50 
23 
21 
73 32 
29 
55 29 5 58 34 
24 23 
61 64 
83 44 17 
68 
35 15 
31 32 3 
61 32 
42 17 0 0 
60 32 
45 17 11 33 6 49 
40 
59 58 59 17 34 
49 
44 
39 37 
37 9 
64 61 27 15 
48 43 0 48 
56 0 59 38 
63 30 
65 65 
22 
40 42 40 20 
49 48 15 
58 38 
25 
78 
31 10 5 2 
43 42 
70 6 45 
57 35 48 
38 10 10 37 8 
48 22 12 44 
89 18 
53 43 32 15 29 
70 41 
69 
32 32 33 
69 
67 5 52 
50 42 10 
24 1 
34 36 8 
38 66 61 
45 46 47 17 13 
21 49 62 
66 41 24 27 10 
66 14 
33 34 32 28 
57 2 
32 29 0 6 
71 
49 40 
29 25 27 53 
46 
76 5 
40 5 23 41 
52 
79 
39 39 2 18 
63 62 
72 31 
37 13 32 1 
78 45 
79 
18 
40 11 
42 44 24 
68 12 
18 
76 76 52 43 53 10 
71 13 44 37 44 
52 
89 1 
61 5 
46 17 11 
34 6 
44 15 19 39 
56 
57 56 
24 22 24 
87 53 
42 11 16 5 38 
60 6 62 
34 30 0 34 5 
19 
82 78 
57 55 0 21 40 31 
71 
46 37 
31 0 29 31 
49 24 47 16 
42 38 39 
46 45 30 
81 47 
66 7 
40 52 78 13 29 
87 49 
18 15 52 28 
38 
81 31 
33 31 
40 
59 26 
23 
67 
30 30 25 8 
51 43 
71 1 
34 42 25 
64 55 63 63 
49 44 
62 7 
43 15 6 11 
66 29 
50 51 4 
65 
36 35 6 20 
39 
40 8 14 
25 24 
54 10 63 24 
72 
28 34 29 50 
18 18 
36 12 6 30 8 25 
20 28 19 
52 
47 
58 21 55 12 
44 6 11 
31 31 31 39 3 33 
30 
62 60 25 58 
72 64 46 
50 5 
87 27 
46 11 
59 56 
56 
97 32 8 
63 34 
35 6 6 17 2 7 3 
43 40 14 29 
19 
19 
41 25 7 
59 9 
42 
87 44 
36 
30 47 33 16 29 0 35 
56 63 8 61 
22 
39 13 6 
72 8 
43 14 42 43 12 
57 
38 35 
51 
37 7 36 5 23 26 
77 75 15 
70 
60 
58 24 
39 39 29 10 32 
60 64 
18 
68 
21 
40 28 
44 
49 29 23 
89 
65 22 
55 7 
68 
27 50 
51 2 
49 20 37 8 
49 40 12 
51 32 28 
66 41 
49 47 11 22 
41 28 5 64 
44 
44 6 
20 22 24 23 24 
52 
45 45 38 
50 49 51 40 19 
38 
62 
33 1 39 24 
49 46 
37 3 
46 48 
53 17 
59 12 
20 
20 20 23 
33 
48 57 38 47 
22 
32 27 32 10 14 5 44 
50 50 24 
36 5 39 15 17 26 
53 
67 20 
57 4 
34 0 
67 48 
65 13 
59 
67 53 13 62 
26 
38 36 37 8 40 
27 29 
23 24 
37 14 38 35 14 
37 2 2 27 39 
51 35 
80 11 
45 77 10 46 68 
38 5 35 3 
53 40 21 
58 32 26 51 
57 7 
63 
53 54 
22 15 23 22 
38 
29 2 27 60 
63 63 
38 42 
60 
42 16 6 41 
50 
20 
18 
81 47 
56 10 
31 6 49 4 
62 31 
26 22 
53 18 
76 48 
40 7 9 10 
55 4 
21 
18 
27 34 56 15 
50 18 
59 23 
33 5 
50 15 27 51 22 
61 70 
48 22 49 12 
67 66 
29 
21 
58 27 
51 33 
18 41 
30 39 34 7 5 22 
57 57 59 4 
53 41 
35 
23 
61 30 
57 
34 
37 2 2 
68 65 
33 2 31 
73 
22 0 53 58 21 51 
71 
29 
73 
59 2 30 58 
41 18 16 
58 53 
41 5 41 
56 31 
33 32 31 14 31 
38 38 12 
26 6 
57 46 57 55 
55 28 6 
28 29 29 
60 
51 22 
48 16 
53 21 
48 23 46 45 
47 17 47 
54 11 50 
47 49 
34 
49 22 
57 25 
38 30 
60 
48 8 45 
51 51 51 0 
28 
27 26 
68 43 22 
61 
21 4 
32 
51 21 24 41 
76 30 
72 53 
70 7 
42 44 43 6 38 
35 10 13 8 4 
23 
60 2 
21 
30 0 28 
44 
57 58 58 
54 
67 7 
24 
65 63 
43 30 14 44 
30 36 36 40 
37 11 42 
46 0 
61 19 
51 25 13 
29 
29 31 
46 25 47 47 18 
79 
61 44 63 37 66 10 10 
85 
61 8 
42 16 19 16 30 40 
73 12 
62 39 
23 32 
30 49 
65 13 
41 16 44 43 
30 
34 30 2 34 25 32 
21 52 24 17 22 
55 58 
63 36 
55 59 
63 
65 15 
46 52 
68 
68 42 
48 61 1 39 5 
57 4 
54 7 18 
52 19 
44 
57 59 58 
82 
68 55 
76 
34 
69 40 
69 68 
19 
42 
38 68 9 
61 29 
53 9 52 64 
36 
59 17 56 
31 
47 22 
36 9 40 1 47 
51 67 57 
66 57 
79 
35 4 11 42 
76 16 
30 5 
34 31 21 10 
56 6 
59 21 
40 43 15 37 
38 2 1 35 42 
64 37 
78 52 
48 16 23 18 16 24 
35 58 5 26 
39 1 4 
43 39 41 
74 75 
39 
66 16 
46 48 22 16 
32 13 30 2 
31 
81 
76 3 
19 
55 1 
60 64 
50 21 
49 46 37 
28 4 
18 
44 43 15 5 
19 
35 41 35 10 
79 
32 11 
84 
22 20 21 
55 
31 
30 32 
55 
70 
36 2 
39 34 14 19 
54 
82 54 
25 50 
74 6 
54 
33 31 27 7 
74 4 
59 61 
44 35 
66 67 
64 62 
66 64 
35 3 8 
64 69 
34 6 5 
49 15 47 18 
56 14 56 
39 
42 40 8 44 41 5 
84 
33 
74 17 
78 69 
81 
30 
54 24 
31 
23 
54 
49 5 49 25 
89 38 78 11 24 35 
65 
60 
58 25 47 
18 
29 27 
60 6 63 
41 31 46 
63 11 7 
53 
38 14 1 
58 58 
19 
23 20 
44 
63 15 
36 14 12 12 36 25 5 
26 64 
39 7 36 7 35 43 
32 32 
36 38 3 36 7 
53 52 
25 21 16 
57 20 4 
66 8 
38 29 19 7 
43 27 40 47 16 
48 45 39 2 
36 20 5 41 32 14 0 
47 23 37 23 46 
64 3 
48 
27 2 27 
64 25 33 
31 
72 51 
51 
54 13 14 
43 
43 8 42 33 20 
24 
87 48 
88 30 
42 42 5 
83 37 
71 45 
52 19 27 57 49 50 
37 37 33 7 
76 
58 28 29 22 
62 
57 20 57 58 
28 
54 15 
19 
19 
50 48 52 
28 21 20 
38 5 41 32 
71 25 38 
31 13 28 37 
64 63 5 35 67 
45 25 
43 14 32 30 
54 17 
72 69 
47 48 79 0 48 
45 29 4 17 53 7 
45 
20 
53 0 19 42 
73 
55 20 1 
56 
89 75 
54 21 14 
70 
69 
31 9 
31 33 31 
21 17 52 
71 15 
54 52 22 21 2 
71 43 
25 
25 56 29 
42 43 
55 54 
66 38 
39 30 51 26 3 
45 
70 28 
82 51 
69 9 
54 40 29 45 
18 
59 
27 1 
31 26 
64 12 
71 
39 10 0 
22 45 
84 75 
47 
34 12 29 32 
28 30 1 27 
40 8 
68 38 
33 12 42 
72 8 
25 25 
47 18 39 
37 15 36 
31 9 39 
36 2 11 10 39 
69 7 
33 25 
35 34 
43 46 
63 63 36 
29 
21 24 
66 
52 
44 31 
28 22 29 0 25 
72 
76 10 
24 
73 11 
19 
64 5 12 3 
44 38 21 
31 31 39 18 
49 
47 9 61 
58 
60 64 
19 45 16 15 30 46 15 
42 
32 
18 
60 27 
55 25 
21 
47 12 25 12 
47 43 
26 27 
38 8 10 
35 42 5 3 5 15 36 
67 
58 
70 48 
48 
74 32 
51 56 27 22 
83 77 
45 47 27 
45 
41 
48 
46 20 17 
35 6 19 14 3 
46 14 41 46 
48 
31 31 30 
64 73 32 5 58 62 50 
19 
89 47 
35 3 9 
57 16 32 
42 42 
67 27 
56 20 
40 11 15 44 
56 27 
46 45 46 23 
62 30 
37 9 44 
54 
69 10 36 
27 64 
38 10 12 4 
79 
35 31 15 44 
34 6 1 32 
58 
34 
27 
53 
61 
58 4 
53 2 
53 21 
41 4 17 
41 17 42 9 8 9 
46 2 20 
34 0 
42 14 46 12 27 
92 
67 31 
59 56 
73 73 
50 21 52 29 
21 
75 12 
44 30 28 43 30 45 40 
79 9 
54 56 53 22 53 11 
40 
18 
38 29 10 
63 51 21 
38 
70 
62 58 
39 37 
52 18 30 
50 22 
44 13 6 5 44 40 53 
38 
20 
71 10 
36 36 
57 24 45 
52 20 5 
22 
62 27 
56 33 
46 
53 52 52 
19 19 49 18 49 
47 46 13 46 
40 46 5 
43 21 14 6 43 
59 0 13 
40 
53 
65 39 
67 67 
41 39 
62 55 
24 
51 
91 5 
44 
31 
81 39 
63 63 19 49 23 
48 15 
28 25 
34 33 
37 6 39 35 
56 27 
40 46 43 44 10 57 
67 67 
44 44 5 13 26 
43 
23 47 
19 
67 42 
65 0 
70 72 
66 19 
37 
39 
30 25 34 1 
70 40 
36 
54 41 
57 11 
44 18 
31 6 29 31 
54 46 9 
28 26 
42 5 
37 30 
49 49 45 45 
43 11 
18 
44 10 5 14 40 
31 5 
62 31 
36 1 34 32 
49 26 34 15 
60 50 
79 
51 
36 
37 31 
41 11 5 44 13 
29 51 
22 
49 
74 76 
30 30 26 5 
63 6 
24 20 
47 
49 
69 0 
61 30 31 
81 9 
20 23 24 
56 2 
28 
46 
59 59 55 28 
57 50 
40 16 31 42 43 
35 37 
19 
53 26 15 53 51 
41 40 43 
51 54 
65 3 
60 55 
54 54 40 
70 68 
18 
37 
61 61 
47 16 23 
43 8 43 38 
50 3 61 47 
59 10 
50 52 0 20 
38 35 4 
27 28 
33 
49 10 25 31 
18 
44 41 63 
29 
30 
19 
41 40 40 
33 30 
25 58 27 28 19 
59 49 
49 16 
74 72 
49 14 14 
57 
33 8 28 
78 11 
43 
43 40 9 11 
52 18 55 51 
30 
55 
66 44 
19 
25 
36 4 42 41 
55 50 
36 13 36 44 
26 
71 31 70 
36 
35 
70 74 9 14 
42 
18 29 39 53 
42 16 
44 
27 16 28 
43 
86 
58 
27 26 
85 47 
46 14 
41 67 28 52 41 
57 59 58 
37 22 37 43 43 35 5 
19 
62 38 37 65 
58 55 
66 29 
28 2 
41 
50 11 28 51 
59 3 
27 29 33 
22 21 58 
48 15 52 48 
70 
84 77 
66 10 
60 66 
35 36 
66 
58 10 24 
82 2 
36 35 10 2 
48 25 13 
46 
46 17 21 17 
34 0 
20 
36 9 4 35 
23 15 22 
70 
62 
20 
62 67 
53 6 54 
33 28 
69 15 
46 14 
22 51 54 
57 32 59 58 
62 64 
63 
30 32 
33 32 
52 28 53 52 
61 63 
51 15 
19 
23 
44 21 1 8 
53 
69 67 
43 3 43 25 
90 78 
18 
77 45 29 
26 
46 
61 16 
68 69 
48 50 21 21 1 
64 18 
51 11 
25 51 42 
91 6 
70 6 
46 10 23 32 7 18 3 
74 30 
41 9 4 38 72 
66 12 
28 25 6 
63 11 
53 21 57 25 16 
50 52 0 
72 42 
37 3 11 8 41 
40 6 41 
