0 50
1 50
2 22
3 24
4 25
5 53
6 49
7 46
8 72
9 16
10 75
11 57
12 25
13 19
14 61
15 62
16 61
17 25
18 34
19 49
20 26
21 29
22 31
23 44
24 71
25 47
26 21
27 64
28 9
29 19
30 29
31 66
32 3
33 31
34 10
35 31
36 34
37 64
38 29
39 78
40 48
41 2
42 46
43 51
44 52
45 2
46 53
47 46
48 8
49 17
50 54
51 21
52 81
53 31
54 0
55 37
56 68
57 28
58 52
59 27
60 61
61 79
62 65
63 68
64 79
65 29
66 56
67 53
68 34
69 7
70 40
71 17
72 25
73 36
74 29
75 18
76 73
77 18
78 40
79 40
80 7
81 32
82 38
83 33
84 3
85 37
86 5
87 69
88 37
89 49
90 45
91 64
92 62
93 34
94 64
95 63
96 39
97 50
98 16
99 23
100 54
101 22
102 6
103 89
104 45
105 18
106 53
107 40
108 37
109 54
110 55
111 27
112 61
113 1
114 63
115 33
116 69
117 51
118 22
119 28
120 51
121 53
122 41
123 3
124 43
125 40
126 31
127 22
128 57
129 38
130 28
131 8
132 37
133 69
134 66
135 47
136 9
137 28
138 0
139 65
140 40
141 38
142 72
143 79
144 40
145 69
146 65
147 50
148 12
149 33
150 84
151 17
152 46
153 27
154 10
155 38
156 44
157 46
158 56
159 22
160 77
161 20
162 47
163 45
164 28
165 49
166 23
167 22
168 18
169 64
170 40
171 42
172 20
173 63
174 60
175 41
176 40
177 43
178 13
179 18
180 10
181 0
182 43
183 35
184 43
185 11
186 68
187 35
188 6
189 2
190 14
191 75
192 35
193 44
194 52
195 25
196 53
197 0
198 52
199 1
200 15
201 62
202 60
203 8
204 1
205 44
206 42
207 16
208 14
209 11
210 8
211 45
212 15
213 12
214 42
215 36
216 42
217 16
218 11
219 14
220 11
221 1
222 76
223 41
224 40
225 33
226 27
227 40
228 43
229 13
230 79
231 71
232 74
233 31
234 55
235 34
236 28
237 24
238 61
239 0
240 66
241 28
242 50
243 53
244 67
245 66
246 48
247 2
248 6
249 36
250 53
251 59
252 52
253 61
254 53
255 40
256 61
257 5
258 4
259 50
260 4
261 36
262 8
263 8
264 30
265 70
266 36
267 66
268 19
269 63
270 57
271 29
272 29
273 3
274 25
275 52
276 39
277 14
278 79
279 47
280 27
281 46
282 16
283 54
284 50
285 27
286 27
287 14
288 51
289 25
290 2
291 10
292 42
293 78
294 78
295 17
296 39
297 37
298 39
299 1
300 3
301 8
302 44
303 58
304 58
305 56
306 15
307 7
308 62
309 29
310 31
311 38
312 1
313 39
314 27
315 31
316 41
317 40
318 60
319 61
320 24
321 0
322 66
323 6
324 66
325 31
326 55
327 56
328 45
329 7
330 15
331 72
332 17
333 56
334 58
335 67
336 38
337 50
338 16
339 11
340 16
341 21
342 47
343 39
344 73
345 17
346 56
347 21
348 55
349 51
350 71
351 28
352 8
353 53
354 30
355 15
356 17
357 41
358 36
359 9
360 37
361 47
362 20
363 2
364 29
365 20
366 28
367 61
368 0
369 52
370 56
371 29
372 30
373 18
374 55
375 31
376 82
377 80
378 3
379 15
380 44
381 42
382 23
383 11
384 45
385 31
386 59
387 66
388 66
389 32
390 3
391 29
392 55
393 25
394 56
395 46
396 49
397 20
398 42
399 13
400 16
401 41
402 42
403 1
404 5
405 35
406 46
407 16
408 14
409 68
410 0
411 73
412 70
413 42
414 34
415 75
416 6
417 55
418 26
419 67
420 44
421 29
422 2
423 79
424 35
425 5
426 9
427 65
428 44
429 77
430 18
431 54
432 1
433 18
434 9
435 28
436 5
437 29
438 26
439 24
440 42
441 41
442 27
443 69
444 8
445 1
446 13
447 47
448 31
449 11
450 12
451 36
452 38
453 48
454 47
455 29
456 48
457 53
458 40
459 43
460 1
461 25
462 24
463 59
464 22
465 26
466 29
467 65
468 8
469 57
470 22
471 65
472 65
473 57
474 57
475 37
476 28
477 64
478 43
479 42
480 44
481 30
482 39
483 39
484 19
485 37
486 31
487 70
488 12
489 55
490 58
491 16
492 27
493 25
494 29
495 59
496 43
497 13
498 29
499 24
500 40
501 43
502 51
503 44
504 6
505 42
506 46
507 35
508 23
509 21
510 31
511 54
512 24
513 41
514 46
515 16
516 16
517 21
518 64
519 41
520 58
521 58
522 35
523 32
524 25
525 13
526 29
527 26
528 53
529 44
530 51
531 58
532 52
533 2
534 50
535 51
536 3
537 32
538 63
539 7
540 7
541 32
542 32
543 72
544 63
545 62
546 72
547 54
548 37
549 9
550 72
551 7
552 61
553 24
554 36
555 5
556 12
557 0
558 62
559 61
560 65
561 62
562 8
563 55
564 25
565 20
566 75
567 25
568 65
569 45
570 27
571 9
572 58
573 37
574 26
575 11
576 5
577 21
578 42
579 8
580 6
581 5
582 64
583 39
584 48
585 67
586 80
587 9
588 75
589 1
590 27
591 44
592 0
593 15
594 12
595 9
596 81
597 1
598 30
599 3
600 3
601 30
602 62
603 63
604 52
605 10
606 53
607 50
608 23
609 23
610 52
611 50
612 10
613 54
614 18
615 66
616 21
617 63
618 27
619 35
620 36
621 47
622 35
623 10
624 18
625 60
626 33
627 53
628 46
629 60
630 56
631 54
632 3
633 57
634 25
635 55
636 29
637 5
638 28
639 56
640 22
641 24
642 36
643 61
644 4
645 15
646 6
647 50
648 50
649 24
650 56
651 54
652 12
653 11
654 52
655 61
656 14
657 5
658 42
659 15
660 43
661 29
662 25
663 60
664 0
665 41
666 14
667 14
668 14
669 79
670 52
671 51
672 45
673 45
674 13
675 46
676 20
677 39
678 9
679 83
680 50
681 31
682 47
683 36
684 45
685 11
686 19
687 28
688 28
689 30
690 52
691 38
692 28
693 52
694 51
695 52
696 50
697 28
698 26
699 37
700 10
701 61
702 64
703 40
704 30
705 39
706 1
707 33
708 68
709 9
710 28
711 27
712 26
713 29
714 27
715 23
716 24
717 64
718 24
719 29
720 37
721 38
722 14
723 9
724 6
725 2
726 42
727 16
728 42
729 28
730 42
731 44
732 84
733 37
734 27
735 49
736 37
737 0
738 57
739 29
740 48
741 43
742 13
743 6
744 65
745 37
746 26
747 3
748 4
749 59
750 58
751 15
752 44
753 53
754 18
755 8
756 19
757 11
758 46
759 15
760 9
761 15
762 39
763 39
764 36
765 6
766 35
767 65
768 11
769 69
770 59
771 27
772 52
773 15
774 48
775 40
776 79
777 84
778 45
779 51
780 9
781 53
782 20
783 51
784 50
785 71
786 48
787 41
788 52
789 26
790 47
791 46
792 45
793 17
794 52
795 5
796 51
797 58
798 49
799 31
800 93
801 47
802 89
803 27
804 62
805 65
806 10
807 45
808 45
809 6
810 10
811 24
812 54
813 53
814 37
815 27
816 47
817 55
818 58
819 10
820 45
821 46
822 26
823 51
824 65
825 56
826 36
827 6
828 0
829 58
830 27
831 50
832 24
833 63
834 25
835 63
836 63
837 67
838 27
839 69
840 64
841 27
842 22
843 32
844 79
845 30
846 0
847 67
848 4
849 59
850 0
851 18
852 50
853 48
854 17
855 16
856 78
857 1
858 55
859 8
860 55
861 32
862 11
863 56
864 46
865 33
866 72
867 25
868 40
869 68
870 58
871 70
872 59
873 51
874 63
875 29
876 55
877 38
878 33
879 8
880 9
881 0
882 43
883 31
884 50
885 52
886 50
887 45
888 30
889 2
890 29
891 28
892 7
893 43
894 37
895 40
896 8
897 12
898 50
899 10
900 50
901 74
902 70
903 59
904 17
905 35
906 37
907 63
908 37
909 54
910 42
911 38
912 9
913 42
914 17
915 11
916 47
917 49
918 38
919 2
920 35
921 29
922 25
923 49
924 36
925 74
926 54
927 47
928 26
929 26
930 42
931 8
932 8
933 69
934 10
935 41
936 37
937 12
938 38
939 40
940 44
941 6
942 54
943 78
944 52
945 45
946 7
947 55
948 85
949 77
950 59
951 44
952 30
953 62
954 46
955 5
956 28
957 28
958 1
959 25
960 73
961 11
962 65
963 8
964 30
965 39
966 8
967 3
968 35
969 8
970 14
971 54
972 19
973 49
974 47
975 15
976 60
977 63
978 79
979 14
980 40
981 48
982 31
983 19
984 32
985 36
986 5
987 67
988 27
989 31
990 40
991 11
992 27
993 43
994 9
995 26
996 26
997 59
998 3
999 72
1000 7
1001 67
1002 36
1003 50
1004 39
1005 55
1006 35
1007 15
1008 24
1009 6
1010 62
1011 64
1012 6
1013 30
1014 17
1015 57
1016 9
1017 64
1018 26
1019 2
1020 42
1021 25
1022 28
1023 44
1024 14
1025 42
1026 34
1027 34
1028 25
1029 62
1030 8
1031 55
1032 59
1033 36
1034 34
1035 38
1036 17
1037 54
1038 54
1039 36
1040 37
1041 9
1042 84
1043 79
1044 25
1045 25
1046 9
1047 6
1048 22
1049 53
1050 51
1051 36
1052 3
1053 52
1054 11
1055 39
1056 55
1057 3
1058 19
1059 8
1060 63
1061 34
1062 2
1063 41
1064 40
1065 41
1066 30
1067 32
1068 37
1069 6
1070 41
1071 19
1072 42
1073 42
1074 50
1075 46
1076 50
1077 50
1078 30
1079 54
1080 50
1081 22
1082 49
1083 61
1084 52
1085 29
1086 10
1087 18
1088 52
1089 28
1090 27
1091 39
1092 0
1093 43
1094 6
1095 35
1096 38
1097 84
1098 49
1099 36
1100 47
1101 40
1102 7
1103 53
1104 49
1105 69
1106 30
1107 27
1108 57
1109 53
1110 18
1111 83
1112 36
1113 4
1114 12
1115 13
1116 45
1117 50
1118 58
1119 38
1120 36
1121 5
1122 4
1123 8
1124 85
1125 77
1126 52
1127 11
1128 29
1129 2
1130 50
1131 40
1132 17
1133 16
1134 20
1135 19
1136 37
1137 39
1138 38
1139 21
1140 39
1141 70
1142 12
1143 33
1144 3
1145 9
1146 32
1147 2
1148 11
1149 50
1150 23
1151 53
1152 16
1153 40
1154 31
1155 62
1156 9
1157 33
1158 32
1159 10
1160 30
1161 17
1162 6
1163 9
1164 38
1165 17
1166 32
1167 61
1168 33
1169 64
1170 58
1171 52
1172 36
1173 4
1174 39
1175 33
1176 32
1177 61
1178 34
1179 22
1180 69
1181 65
1182 93
1183 53
1184 22
1185 1
1186 98
1187 51
1188 37
1189 30
1190 37
1191 12
1192 30
1193 33
1194 34
1195 24
1196 60
1197 5
1198 61
1199 30
1200 29
1201 8
1202 12
1203 8
1204 68
1205 9
1206 18
1207 42
1208 6
1209 1
1210 12
1211 36
1212 11
1213 38
1214 5
1215 9
1216 18
1217 40
1218 11
1219 36
1220 69
1221 30
1222 24
1223 29
1224 52
1225 76
1226 77
1227 21
1228 45
1229 42
1230 27
1231 35
1232 5
1233 30
1234 5
1235 31
1236 28
1237 26
1238 4
1239 45
1240 12
1241 34
1242 9
1243 24
1244 6
1245 48
1246 45
1247 13
1248 81
1249 72
1250 8
1251 73
1252 24
1253 18
1254 72
1255 32
1256 34
1257 6
1258 33
1259 26
1260 34
1261 39
1262 35
1263 7
1264 30
1265 38
1266 27
1267 27
1268 56
1269 48
1270 29
1271 27
1272 36
1273 11
1274 60
1275 24
1276 59
1277 56
1278 16
1279 62
1280 55
1281 28
1282 56
1283 16
1284 49
1285 15
1286 52
1287 62
1288 1
1289 67
1290 29
1291 39
1292 77
1293 55
1294 43
1295 61
1296 6
1297 24
1298 21
1299 41
1300 39
1301 12
1302 14
1303 26
1304 25
1305 51
1306 0
1307 53
1308 53
1309 36
1310 70
1311 32
1312 19
1313 36
1314 3
1315 4
1316 49
1317 44
1318 11
1319 40
1320 20
1321 53
1322 29
1323 53
1324 54
1325 23
1326 50
1327 15
1328 32
1329 32
1330 43
1331 45
1332 77
1333 9
1334 62
1335 32
1336 39
1337 32
1338 34
1339 49
1340 42
1341 0
1342 16
1343 22
1344 29
1345 84
1346 54
1347 21
1348 17
1349 59
1350 34
1351 9
1352 30
1353 0
1354 33
1355 33
1356 3
1357 39
1358 9
1359 41
1360 17
1361 10
1362 24
1363 26
1364 35
1365 14
1366 3
1367 31
1368 34
1369 27
1370 4
1371 73
1372 17
1373 30
1374 2
1375 68
1376 66
1377 31
1378 51
1379 3
1380 55
1381 30
1382 68
1383 65
1384 64
1385 36
1386 62
1387 16
1388 40
1389 27
1390 39
1391 32
1392 5
1393 65
1394 34
1395 30
1396 38
1397 41
1398 26
1399 15
1400 30
1401 41
1402 21
1403 28
1404 35
1405 37
1406 9
1407 36
1408 9
1409 24
1410 62
1411 51
1412 40
1413 34
1414 3
1415 52
1416 61
1417 64
1418 27
1419 50
1420 28
1421 25
1422 45
1423 63
1424 69
1425 33
1426 30
1427 54
1428 22
1429 15
1430 47
1431 47
1432 26
1433 35
1434 4
1435 45
1436 47
1437 1
1438 17
1439 38
1440 31
1441 27
1442 25
1443 3
1444 41
1445 70
1446 8
1447 69
1448 67
1449 40
1450 80
1451 28
1452 65
1453 12
1454 53
1455 7
1456 0
1457 50
1458 52
1459 0
1460 93
1461 0
1462 33
1463 4
1464 32
1465 25
1466 12
1467 14
1468 21
1469 41
1470 14
1471 32
1472 34
1473 25
1474 60
1475 28
1476 63
1477 76
1478 61
1479 42
1480 36
1481 65
1482 46
1483 17
1484 66
1485 43
1486 39
1487 38
1488 43
1489 37
1490 65
1491 73
1492 69
1493 92
1494 53
1495 59
1496 2
1497 46
1498 27
1499 29
1500 39
1501 17
1502 67
1503 75
1504 2
1505 65
1506 12
1507 32
1508 45
1509 18
1510 32
1511 24
1512 66
1513 53
1514 14
1515 50
1516 48
1517 37
1518 17
1519 9
1520 8
1521 0
1522 37
1523 16
1524 53
1525 2
1526 27
1527 53
1528 7
1529 78
1530 60
1531 62
1532 56
1533 28
1534 54
1535 30
1536 5
1537 31
1538 34
1539 41
1540 7
1541 8
1542 44
1543 13
1544 58
1545 47
1546 2
1547 66
1548 66
1549 32
1550 6
1551 29
1552 1
1553 57
1554 5
1555 31
1556 5
1557 22
1558 20
1559 18
1560 35
1561 47
1562 77
1563 17
1564 43
1565 1
1566 40
1567 17
1568 26
1569 2
1570 52
1571 2
1572 37
1573 37
1574 0
1575 41
1576 67
1577 43
1578 74
1579 17
1580 52
1581 19
1582 55
1583 54
1584 46
1585 29
1586 29
1587 74
1588 69
1589 8
1590 21
1591 36
1592 22
1593 11
1594 27
1595 26
1596 26
1597 25
1598 0
1599 5
1600 35
1601 16
1602 36
1603 65
1604 64
1605 26
1606 27
1607 64
1608 29
1609 56
1610 74
1611 1
1612 31
1613 0
1614 7
1615 48
1616 38
1617 19
1618 18
1619 38
1620 14
1621 6
1622 63
1623 21
1624 16
1625 21
1626 21
1627 23
1628 35
1629 38
1630 12
1631 37
1632 17
1633 5
1634 22
1635 14
1636 25
1637 75
1638 48
1639 48
1640 40
1641 18
1642 26
1643 10
1644 21
1645 57
1646 5
1647 6
1648 15
1649 28
1650 7
1651 21
1652 25
1653 28
1654 18
1655 7
1656 30
1657 5
1658 26
1659 53
1660 56
1661 27
1662 20
1663 43
1664 10
1665 15
1666 7
1667 24
1668 2
1669 83
1670 37
1671 42
1672 30
1673 7
1674 37
1675 37
1676 36
1677 10
1678 34
1679 34
1680 53
1681 59
1682 59
1683 36
1684 42
1685 56
1686 29
1687 45
1688 77
1689 38
1690 15
1691 13
1692 53
1693 32
1694 5
1695 0
1696 9
1697 6
1698 77
1699 28
1700 40
1701 25
1702 58
1703 17
1704 59
1705 41
1706 8
1707 41
1708 32
1709 22
1710 30
1711 30
1712 32
1713 32
1714 25
1715 45
1716 2
1717 22
1718 48
1719 59
1720 60
1721 36
1722 4
1723 42
1724 9
1725 48
1726 36
1727 35
1728 8
1729 7
1730 38
1731 7
1732 35
1733 4
1734 30
1735 14
1736 33
1737 58
1738 5
1739 30
1740 81
1741 43
1742 26
1743 64
1744 45
1745 53
1746 17
1747 51
1748 42
1749 29
1750 56
1751 40
1752 26
1753 92
1754 58
1755 36
1756 2
1757 18
1758 39
1759 0
1760 54
1761 19
1762 53
1763 27
1764 71
1765 10
1766 30
1767 70
1768 72
1769 14
1770 26
1771 28
1772 50
1773 72
1774 22
1775 42
1776 9
1777 14
1778 40
1779 68
1780 17
1781 52
1782 44
1783 5
1784 40
1785 9
1786 15
1787 12
1788 40
1789 44
1790 44
1791 11
1792 17
1793 44
1794 37
1795 40
1796 54
1797 32
1798 16
1799 30
1800 32
1801 3
1802 30
1803 32
1804 66
1805 48
1806 67
1807 9
1808 65
1809 68
1810 33
1811 30
1812 37
1813 34
1814 33
1815 31
1816 36
1817 43
1818 35
1819 75
1820 7
1821 66
1822 0
1823 26
1824 38
1825 48
1826 41
1827 8
1828 64
1829 32
1830 74
1831 7
1832 65
1833 5
1834 54
1835 50
1836 33
1837 0
1838 8
1839 30
1840 27
1841 20
1842 56
1843 26
1844 69
1845 7
1846 60
1847 67
1848 64
1849 40
1850 67
1851 14
1852 49
1853 41
1854 16
1855 28
1856 69
1857 55
1858 63
1859 71
1860 40
1861 94
1862 10
1863 65
1864 7
1865 49
1866 46
1867 22
1868 68
1869 67
1870 19
1871 79
1872 40
1873 35
1874 36
1875 24
1876 57
1877 68
1878 26
1879 73
1880 41
1881 31
1882 30
1883 29
1884 47
1885 72
1886 78
1887 25
1888 75
1889 75
1890 63
1891 59
1892 29
1893 34
1894 34
1895 4
1896 6
1897 4
1898 35
1899 4
1900 55
1901 5
1902 57
1903 10
1904 65
1905 52
1906 23
1907 24
1908 71
1909 8
1910 50
1911 18
1912 26
1913 71
1914 41
1915 6
1916 21
1917 17
1918 45
1919 7
1920 46
1921 29
1922 20
1923 47
1924 50
1925 46
1926 47
1927 32
1928 69
1929 63
1930 38
1931 5
1932 8
1933 39
1934 38
1935 58
1936 12
1937 48
1938 46
1939 79
1940 23
1941 67
1942 66
1943 69
1944 36
1945 25
1946 28
1947 28
1948 34
1949 5
1950 32
1951 8
1952 36
1953 12
1954 12
1955 85
1956 76
1957 60
1958 30
1959 71
1960 68
1961 71
1962 11
1963 31
1964 83
1965 19
1966 73
1967 61
1968 77
1969 2
1970 60
1971 57
1972 64
1973 60
1974 18
1975 53
1976 55
1977 72
1978 61
1979 59
1980 28
1981 27
1982 25
1983 29
1984 30
1985 66
1986 2
1987 0
1988 35
1989 35
1990 43
1991 1
1992 47
1993 42
1994 41
1995 72
1996 4
1997 63
1998 2
1999 61
2000 45
2001 14
2002 1
2003 86
2004 41
2005 8
2006 42
2007 23
2008 47
2009 35
2010 40
2011 27
2012 8
2013 41
2014 58
2015 79
2016 69
2017 11
2018 33
2019 62
2020 31
2021 27
2022 26
2023 28
2024 28
2025 25
2026 25
2027 34
2028 10
2029 65
2030 15
2031 32
2032 33
2033 36
2034 58
2035 25
2036 64
2037 25
2038 64
2039 54
2040 62
2041 62
2042 35
2043 13
2044 3
2045 8
2046 85
2047 46
2048 73
2049 62
2050 49
2051 30
2052 3
2053 22
2054 41
2055 17
2056 11
2057 14
2058 25
2059 48
2060 58
2061 15
2062 54
2063 22
2064 66
2065 2
2066 33
2067 8
2068 29
2069 34
2070 51
2071 3
2072 4
2073 71
2074 72
2075 34
2076 26
2077 30
2078 10
2079 14
2080 3
2081 25
2082 53
2083 50
2084 36
2085 34
2086 31
2087 7
2088 9
2089 31
2090 0
2091 13
2092 31
2093 9
2094 63
2095 0
2096 51
2097 61
2098 25
2099 48
2100 20
2101 31
2102 42
2103 35
2104 59
2105 37
2106 16
2107 35
2108 23
2109 22
2110 70
2111 25
2112 28
2113 9
2114 11
2115 51
2116 77
2117 26
2118 33
2119 30
2120 32
2121 37
2122 20
2123 20
2124 51
2125 20
2126 3
2127 92
2128 9
2129 46
2130 31
2131 26
2132 15
2133 37
2134 10
2135 17
2136 49
2137 16
2138 38
2139 37
2140 38
2141 37
2142 36
2143 30
2144 53
2145 1
2146 53
2147 54
2148 29
2149 41
2150 66
2151 31
2152 72
2153 34
2154 67
2155 67
2156 82
2157 47
2158 32
2159 58
2160 29
2161 54
2162 69
2163 13
2164 59
2165 38
2166 31
2167 1
2168 52
2169 49
2170 60
2171 4
2172 70
2173 57
2174 29
2175 55
2176 27
2177 64
2178 55
2179 26
2180 48
2181 31
2182 38
2183 33
2184 30
2185 85
2186 11
2187 44
2188 27
2189 46
2190 35
2191 43
2192 21
2193 30
2194 39
2195 34
2196 6
2197 28
2198 26
2199 27
2200 26
2201 34
2202 41
2203 10
2204 17
2205 23
2206 12
2207 31
2208 29
2209 59
2210 10
2211 55
2212 4
2213 88
2214 55
2215 34
2216 14
2217 43
2218 33
2219 16
2220 8
2221 7
2222 47
2223 12
2224 17
2225 17
2226 42
2227 53
2228 53
2229 52
2230 32
2231 8
2232 41
2233 66
2234 33
2235 40
2236 0
2237 57
2238 69
2239 43
2240 46
2241 48
2242 47
2243 13
2244 5
2245 48
2246 65
2247 68
2248 32
2249 82
2250 41
2251 26
2252 34
2253 23
2254 25
2255 76
2256 36
2257 37
2258 6
2259 26
2260 74
2261 8
2262 58
2263 4
2264 23
2265 51
2266 54
2267 23
2268 50
2269 77
2270 76
2271 49
2272 11
2273 22
2274 27
2275 41
2276 1
2277 23
2278 50
2279 43
2280 35
2281 16
2282 21
2283 49
2284 23
2285 55
2286 53
2287 72
2288 17
2289 44
2290 37
2291 12
2292 64
2293 31
2294 34
2295 46
2296 42
2297 43
2298 26
2299 67
2300 66
2301 61
2302 3
2303 57
2304 57
2305 59
2306 23
2307 52
2308 49
2309 37
2310 12
2311 9
2312 5
2313 53
2314 47
2315 28
2316 63
2317 25
2318 61
2319 36
2320 36
2321 50
2322 2
2323 37
2324 30
2325 11
2326 21
2327 28
2328 21
2329 20
2330 27
2331 60
2332 56
2333 62
2334 13
2335 31
2336 68
2337 17
2338 33
2339 30
2340 60
2341 10
2342 44
2343 32
2344 43
2345 72
2346 11
2347 63
2348 2
2349 38
2350 58
2351 62
2352 24
2353 61
2354 66
2355 65
2356 47
2357 47
2358 35
2359 36
2360 3
2361 0
2362 36
2363 6
2364 9
2365 0
2366 32
2367 30
2368 35
2369 27
2370 65
2371 37
2372 43
2373 16
2374 31
2375 35
2376 35
2377 10
2378 5
2379 43
2380 36
2381 22
2382 22
2383 75
2384 29
2385 50
2386 28
2387 23
2388 16
2389 52
2390 50
2391 62
2392 18
2393 56
2394 4
2395 38
2396 47
2397 35
2398 19
2399 31
2400 32
2401 7
2402 44
2403 28
2404 40
2405 42
2406 8
2407 50
2408 47
2409 23
2410 25
2411 44
2412 15
2413 49
2414 38
2415 37
2416 13
2417 42
2418 66
2419 65
2420 43
2421 6
2422 43
2423 59
2424 17
2425 15
2426 59
2427 57
2428 56
2429 47
2430 31
2431 69
2432 44
2433 25
2434 48
2435 40
2436 68
2437 65
2438 25
2439 47
2440 60
2441 29
2442 63
2443 30
2444 30
2445 48
2446 27
2447 41
2448 38
2449 45
2450 22
2451 23
2452 37
2453 6
2454 5
2455 42
2456 54
2457 52
2458 10
2459 17
2460 31
2461 13
2462 6
2463 61
2464 60
2465 32
2466 24
2467 10
2468 6
2469 81
2470 18
2471 45
2472 65
2473 30
2474 80
2475 36
2476 38
2477 38
2478 39
2479 48
2480 20
2481 18
2482 3
2483 33
2484 8
2485 17
2486 32
2487 40
2488 27
2489 15
2490 11
2491 51
2492 13
2493 74
2494 6
2495 74
2496 40
2497 42
2498 5
2499 15
2500 44
2501 7
2502 71
2503 42
2504 32
2505 33
2506 64
2507 51
2508 58
2509 31
2510 19
2511 72
2512 2
2513 51
2514 30
2515 53
2516 76
2517 8
2518 45
2519 15
2520 19
2521 40
2522 43
2523 44
2524 30
2525 62
2526 30
2527 34
2528 38
2529 7
2530 44
2531 40
2532 32
2533 93
2534 61
2535 49
2536 55
2537 27
2538 29
2539 49
2540 44
2541 25
2542 44
2543 38
2544 82
2545 13
2546 28
2547 42
2548 40
2549 43
2550 55
2551 11
2552 28
2553 2
2554 79
2555 34
2556 26
2557 5
2558 39
2559 2
2560 37
2561 7
2562 38
2563 39
2564 5
2565 16
2566 69
2567 39
2568 6
2569 55
2570 55
2571 88
2572 34
2573 50
2574 51
2575 18
2576 32
2577 32
2578 14
2579 8
2580 33
2581 34
2582 56
2583 58
2584 20
2585 53
2586 19
2587 1
2588 19
2589 39
2590 23
2591 1
2592 24
2593 25
2594 61
2595 64
2596 22
2597 18
2598 81
2599 78
2600 73
2601 43
2602 35
2603 5
2604 39
2605 8
2606 17
2607 74
2608 76
2609 44
2610 9
2611 43
2612 64
2613 50
2614 62
2615 63
2616 13
2617 4
2618 53
2619 51
2620 14
2621 6
2622 64
2623 5
2624 9
2625 24
2626 59
2627 51
2628 54
2629 63
2630 35
2631 5
2632 0
2633 37
2634 49
2635 19
2636 27
2637 27
2638 8
2639 74
2640 45
2641 20
2642 19
2643 22
2644 21
2645 26
2646 39
2647 43
2648 13
2649 43
2650 63
2651 72
2652 9
2653 25
2654 8
2655 53
2656 48
2657 49
2658 15
2659 8
2660 67
2661 68
2662 29
2663 22
2664 27
2665 26
2666 27
2667 30
2668 33
2669 30
2670 30
2671 0
2672 33
2673 40
2674 28
2675 64
2676 53
2677 28
2678 11
2679 23
2680 50
2681 79
2682 46
2683 74
2684 48
2685 71
2686 74
2687 49
2688 45
2689 45
2690 44
2691 26
2692 53
2693 5
2694 20
2695 63
2696 35
2697 54
2698 35
2699 10
2700 31
2701 4
2702 62
2703 5
2704 63
2705 53
2706 54
2707 26
2708 72
2709 39
2710 39
2711 10
2712 38
2713 81
2714 77
2715 48
2716 29
2717 50
2718 17
2719 40
2720 13
2721 16
2722 57
2723 65
2724 87
2725 19
2726 42
2727 7
2728 40
2729 61
2730 61
2731 71
2732 59
2733 23
2734 24
2735 36
2736 52
2737 0
2738 62
2739 61
2740 8
2741 64
2742 66
2743 61
2744 34
2745 34
2746 22
2747 96
2748 43
2749 46
2750 4
2751 62
2752 39
2753 24
2754 57
2755 58
2756 31
2757 26
2758 55
2759 39
2760 26
2761 58
2762 59
2763 5
2764 57
2765 47
2766 10
2767 20
2768 46
2769 72
2770 28
2771 51
2772 54
2773 21
2774 87
2775 42
2776 1
2777 35
2778 28
2779 9
2780 67
2781 43
2782 38
2783 7
2784 41
2785 42
2786 41
2787 40
2788 90
2789 45
2790 8
2791 15
2792 92
2793 3
2794 41
2795 42
2796 42
2797 7
2798 27
2799 22
2800 44
2801 51
2802 49
2803 16
2804 89
2805 23
2806 38
2807 35
2808 10
2809 3
2810 15
2811 23
2812 24
2813 4
2814 49
2815 72
2816 7
2817 61
2818 58
2819 6
2820 27
2821 31
2822 29
2823 33
2824 35
2825 37
2826 37
2827 36
2828 67
2829 67
2830 69
2831 69
2832 35
2833 33
2834 30
2835 6
2836 62
2837 25
2838 54
2839 40
2840 54
2841 40
2842 38
2843 67
2844 58
2845 49
2846 48
2847 21
2848 13
2849 23
2850 67
2851 70
2852 70
2853 42
2854 60
2855 12
2856 41
2857 39
2858 8
2859 11
2860 68
2861 31
2862 53
2863 49
2864 1
2865 18
2866 63
2867 24
2868 63
2869 62
2870 63
2871 60
2872 52
2873 64
2874 35
2875 63
2876 39
2877 49
2878 12
2879 13
2880 29
2881 27
2882 26
2883 84
2884 7
2885 54
2886 37
2887 32
2888 5
2889 32
2890 5
2891 26
2892 47
2893 30
2894 24
2895 32
2896 5
2897 7
2898 32
2899 83
2900 22
2901 40
2902 25
2903 4
2904 29
2905 7
2906 27
2907 8
2908 25
2909 75
2910 72
2911 16
2912 85
2913 3
2914 58
2915 25
2916 99
2917 2
2918 57
2919 49
2920 51
2921 83
2922 1
2923 48
2924 50
2925 69
2926 36
2927 53
2928 23
2929 37
2930 32
2931 37
2932 38
2933 35
2934 3
2935 68
2936 47
2937 21
2938 22
2939 51
2940 25
2941 49
2942 19
2943 41
2944 18
2945 32
2946 30
2947 56
2948 24
2949 20
2950 65
2951 83
2952 30
2953 55
2954 1
2955 82
2956 12
2957 19
2958 50
2959 16
2960 54
2961 73
2962 38
2963 18
2964 46
2965 10
2966 1
2967 6
2968 37
2969 37
2970 38
2971 39
2972 5
2973 36
2974 14
2975 36
2976 36
2977 13
2978 9
2979 16
2980 58
2981 22
2982 21
2983 50
2984 19
2985 65
2986 74
2987 26
2988 27
2989 61
2990 5
2991 30
2992 25
2993 32
2994 25
2995 44
2996 43
2997 20
2998 13
2999 74
3000 45
3001 66
3002 6
3003 36
3004 44
3005 4
3006 14
3007 9
3008 85
3009 20
3010 28
3011 28
3012 66
3013 34
3014 26
3015 55
3016 24
3017 84
3018 91
3019 11
3020 54
3021 60
3022 63
3023 37
3024 66
3025 23
3026 11
3027 29
3028 25
3029 57
3030 2
3031 3
3032 2
3033 62
3034 5
3035 81
3036 43
3037 38
3038 3
3039 43
3040 39
3041 33
3042 28
3043 32
3044 3
3045 88
3046 45
3047 48
3048 16
3049 18
3050 27
3051 28
3052 51
3053 26
3054 0
3055 30
3056 31
3057 43
3058 19
3059 19
3060 42
3061 66
3062 35
3063 91
3064 71
3065 66
3066 5
3067 27
3068 29
3069 28
3070 28
3071 72
3072 49
3073 61
3074 37
3075 15
3076 50
3077 14
3078 39
3079 36
3080 38
3081 32
3082 14
3083 56
3084 25
3085 22
3086 58
3087 19
3088 51
3089 52
3090 9
3091 38
3092 32
3093 31
3094 39
3095 93
3096 72
3097 8
3098 47
3099 46
3100 45
3101 65
3102 19
3103 22
3104 39
3105 38
3106 30
3107 3
3108 44
3109 7
3110 44
3111 40
3112 67
3113 68
3114 58
3115 68
3116 11
3117 33
3118 34
3119 42
3120 5
3121 44
3122 41
3123 41
3124 74
3125 59
3126 57
3127 54
3128 43
3129 12
3130 11
3131 41
3132 21
3133 28
3134 12
3135 42
3136 50
3137 41
3138 44
3139 12
3140 63
3141 67
3142 70
3143 18
3144 63
3145 55
3146 65
3147 36
3148 18
3149 9
3150 20
3151 30
3152 34
3153 16
3154 15
3155 36
3156 9
3157 57
3158 66
3159 40
3160 42
3161 44
3162 31
3163 4
3164 41
3165 15
3166 52
3167 46
3168 46
3169 41
3170 17
3171 51
3172 10
3173 57
3174 41
3175 56
3176 57
3177 62
3178 64
3179 59
3180 17
3181 57
3182 57
3183 58
3184 24
3185 67
3186 31
3187 72
3188 78
3189 72
3190 38
3191 26
3192 70
3193 75
3194 74
3195 27
3196 46
3197 41
3198 26
3199 41
3200 15
3201 0
3202 22
3203 25
3204 49
3205 26
3206 26
3207 29
3208 58
3209 49
3210 61
3211 35
3212 21
3213 59
3214 40
3215 14
3216 63
3217 28
3218 50
3219 58
3220 54
3221 52
3222 47
3223 26
3224 46
3225 45
3226 44
3227 26
3228 35
3229 42
3230 33
3231 33
3232 0
3233 46
3234 23
3235 10
3236 52
3237 36
3238 69
3239 73
3240 71
3241 98
3242 45
3243 52
3244 15
3245 23
3246 9
3247 12
3248 64
3249 34
3250 71
3251 45
3252 27
3253 25
3254 23
3255 69
3256 57
3257 37
3258 11
3259 9
3260 35
3261 66
3262 53
3263 59
3264 26
3265 4
3266 61
3267 61
3268 58
3269 53
3270 44
3271 37
3272 26
3273 28
3274 0
3275 52
3276 43
3277 28
3278 25
3279 3
3280 58
3281 63
3282 39
3283 40
3284 31
3285 43
3286 37
3287 31
3288 22
3289 9
3290 4
3291 13
3292 31
3293 24
3294 34
3295 4
3296 73
3297 38
3298 11
3299 38
3300 45
3301 22
3302 22
3303 62
3304 1
3305 35
3306 37
3307 29
3308 54
3309 39
3310 36
3311 10
3312 9
3313 35
3314 0
3315 5
3316 40
3317 62
3318 43
3319 2
3320 42
3321 2
3322 26
3323 19
3324 20
3325 68
3326 67
3327 48
3328 46
3329 53
3330 71
3331 13
3332 48
3333 19
3334 23
3335 31
3336 33
3337 37
3338 17
3339 5
3340 11
3341 62
3342 8
3343 68
3344 5
3345 60
3346 40
3347 39
3348 46
3349 47
3350 30
3351 37
3352 14
3353 6
3354 29
3355 66
3356 16
3357 51
3358 37
3359 29
3360 29
3361 2
3362 63
3363 36
3364 47
3365 58
3366 52
3367 56
3368 16
3369 30
3370 59
3371 57
3372 32
3373 9
3374 10
3375 31
3376 4
3377 38
3378 1
3379 0
3380 6
3381 52
3382 23
3383 64
3384 28
3385 55
3386 17
3387 46
3388 49
3389 8
3390 7
3391 52
3392 53
3393 1
3394 70
3395 10
3396 45
3397 16
3398 25
3399 42
3400 52
3401 1
3402 46
3403 27
3404 33
3405 31
3406 8
3407 60
3408 21
3409 61
3410 11
3411 63
3412 64
3413 61
3414 48
3415 54
3416 36
3417 35
3418 1
3419 70
3420 50
3421 20
3422 55
3423 58
3424 25
3425 66
3426 13
3427 48
3428 28
3429 27
3430 27
3431 33
3432 48
3433 30
3434 34
3435 33
3436 10
3437 30
3438 55
3439 24
3440 11
3441 42
3442 37
3443 68
3444 65
3445 46
3446 32
3447 47
3448 11
3449 69
3450 54
3451 27
3452 21
3453 28
3454 36
3455 14
3456 35
3457 37
3458 64
3459 42
3460 71
3461 47
3462 52
3463 28
3464 69
3465 40
3466 69
3467 29
3468 66
3469 12
3470 28
3471 78
3472 49
3473 23
3474 47
3475 23
3476 95
3477 27
3478 29
3479 89
3480 44
3481 53
3482 25
3483 23
3484 33
3485 19
3486 75
3487 50
3488 37
3489 18
3490 3
3491 46
3492 15
3493 12
3494 74
3495 3
3496 12
3497 59
3498 64
3499 65
3500 41
3501 0
3502 28
3503 65
3504 59
3505 26
3506 21
3507 21
3508 54
3509 3
3510 70
3511 38
3512 6
3513 8
3514 43
3515 14
3516 15
3517 15
3518 59
3519 55
3520 7
3521 28
3522 22
3523 2
3524 29
3525 62
3526 68
3527 64
3528 78
3529 35
3530 38
3531 19
3532 34
3533 65
3534 7
3535 60
3536 3
3537 73
3538 73
3539 33
3540 33
3541 3
3542 30
3543 33
3544 56
3545 15
3546 57
3547 78
3548 25
3549 85
3550 11
3551 40
3552 49
3553 25
3554 42
3555 32
3556 25
3557 45
3558 68
3559 68
3560 64
3561 69
3562 33
3563 44
3564 63
3565 67
3566 44
3567 83
3568 11
3569 20
3570 44
3571 16
3572 40
3573 25
3574 33
3575 0
3576 3
3577 34
3578 63
3579 10
3580 67
3581 69
3582 66
3583 19
3584 56
3585 1
3586 40
3587 36
3588 10
3589 29
3590 30
3591 0
3592 52
3593 85
3594 43
3595 48
3596 27
3597 47
3598 47
3599 19
3600 69
3601 30
3602 67
3603 32
3604 78
3605 46
3606 41
3607 11
3608 61
3609 35
3610 32
3611 31
3612 28
3613 30
3614 87
3615 70
3616 36
3617 53
3618 18
3619 55
3620 29
3621 22
3622 59
3623 57
3624 55
3625 56
3626 13
3627 6
3628 39
3629 5
3630 25
3631 7
3632 3
3633 54
3634 56
3635 11
3636 72
3637 20
3638 26
3639 39
3640 52
3641 37
3642 83
3643 6
3644 49
3645 60
3646 17
3647 65
3648 45
3649 24
3650 39
3651 19
3652 52
3653 50
3654 35
3655 11
3656 35
3657 20
3658 27
3659 23
3660 49
3661 59
3662 28
3663 45
3664 23
3665 24
3666 47
3667 17
3668 47
3669 47
3670 59
3671 54
3672 53
3673 32
3674 40
3675 18
3676 32
3677 15
3678 33
3679 67
3680 31
3681 56
3682 55
3683 68
3684 69
3685 31
3686 30
3687 62
3688 24
3689 29
3690 42
3691 19
3692 22
3693 49
3694 42
3695 35
3696 18
3697 8
3698 25
3699 39
3700 2
3701 26
3702 29
3703 25
3704 0
3705 64
3706 40
3707 1
3708 26
3709 6
3710 40
3711 2
3712 57
3713 23
3714 59
3715 55
3716 56
3717 57
3718 15
3719 35
3720 37
3721 4
3722 42
3723 0
3724 9
3725 85
3726 44
3727 11
3728 10
3729 13
3730 68
3731 40
3732 36
3733 7
3734 80
3735 17
3736 49
3737 18
3738 17
3739 29
3740 50
3741 56
3742 64
3743 58
3744 43
3745 13
3746 23
3747 21
3748 21
3749 46
3750 45
3751 65
3752 39
3753 35
3754 12
3755 11
3756 67
3757 37
3758 67
3759 32
3760 51
3761 23
3762 3
3763 26
3764 34
3765 44
3766 42
3767 25
3768 59
3769 27
3770 33
3771 50
3772 50
3773 0
3774 78
3775 17
3776 18
3777 20
3778 16
3779 55
3780 32
3781 19
3782 53
3783 55
3784 49
3785 18
3786 62
3787 23
3788 23
3789 19
3790 23
3791 24
3792 89
3793 77
3794 54
3795 51
3796 31
3797 12
3798 32
3799 58
3800 22
3801 25
3802 48
3803 44
3804 17
3805 69
3806 37
3807 27
3808 63
3809 26
3810 62
3811 63
3812 80
3813 19
3814 57
3815 21
3816 27
3817 67
3818 34
3819 64
3820 14
3821 28
3822 62
3823 36
3824 35
3825 33
3826 32
3827 31
3828 40
3829 61
3830 4
3831 37
3832 53
3833 39
3834 41
3835 32
3836 3
3837 10
3838 29
3839 68
3840 26
3841 65
3842 32
3843 61
3844 61
3845 31
3846 21
3847 20
3848 25
3849 28
3850 25
3851 3
3852 84
3853 48
3854 68
3855 27
3856 54
3857 51
3858 52
3859 25
3860 59
3861 52
3862 57
3863 32
3864 67
3865 8
3866 62
3867 28
3868 65
3869 27
3870 26
3871 30
3872 0
3873 26
3874 10
3875 49
3876 46
3877 29
3878 51
3879 24
3880 44
3881 22
3882 66
3883 66
3884 35
3885 61
3886 60
3887 57
3888 16
3889 57
3890 31
3891 33
3892 51
3893 38
3894 67
3895 55
3896 36
3897 53
3898 60
3899 26
3900 62
3901 35
3902 74
3903 73
3904 53
3905 26
3906 23
3907 34
3908 74
3909 25
3910 59
3911 22
3912 63
3913 58
3914 35
3915 63
3916 35
3917 61
3918 36
3919 1
3920 93
3921 6
3922 39
3923 65
3924 30
3925 39
3926 36
3927 39
3928 27
3929 36
3930 36
3931 8
3932 36
3933 36
3934 33
3935 3
3936 42
3937 76
3938 17
3939 60
3940 27
3941 45
3942 62
3943 63
3944 45
3945 38
3946 47
3947 48
3948 6
3949 74
3950 6
3951 49
3952 43
3953 61
3954 7
3955 74
3956 32
3957 3
3958 54
3959 21
3960 36
3961 39
3962 39
3963 3
3964 63
3965 40
3966 67
3967 18
3968 73
3969 75
3970 44
3971 45
3972 16
3973 20
3974 13
3975 91
3976 45
3977 77
3978 6
3979 42
3980 56
3981 55
3982 63
3983 71
3984 74
3985 82
3986 46
3987 45
3988 61
3989 8
3990 59
3991 59
3992 39
3993 12
3994 4
3995 44
3996 39
3997 2
3998 1
3999 69
4000 66
4001 21
4002 65
4003 52
4004 21
4005 38
4006 35
4007 0
4008 75
4009 66
4010 21
4011 20
4012 27
4013 52
4014 2
4015 47
4016 54
4017 10
4018 22
4019 24
4020 21
4021 24
4022 22
4023 44
4024 10
4025 45
4026 49
4027 11
4028 4
4029 43
4030 31
4031 31
4032 77
4033 70
4034 71
4035 36
4036 0
4037 32
4038 51
4039 23
4040 59
4041 23
4042 65
4043 66
4044 43
4045 5
4046 11
4047 12
4048 66
4049 32
4050 13
4051 48
4052 37
4053 38
4054 12
4055 9
4056 75
4057 32
4058 60
4059 21
4060 45
4061 47
4062 16
4063 34
4064 38
4065 38
4066 35
4067 4
4068 40
4069 34
4070 10
4071 68
4072 27
4073 59
4074 21
4075 65
4076 39
4077 38
4078 6
4079 37
4080 50
4081 14
4082 13
4083 23
4084 31
4085 40
4086 7
4087 4
4088 14
4089 51
4090 54
4091 55
4092 39
4093 38
4094 28
4095 54
4096 71
4097 20
4098 20
4099 48
4100 61
4101 61
4102 37
4103 13
4104 11
4105 48
4106 77
4107 17
4108 44
4109 15
4110 13
4111 12
4112 40
4113 36
4114 12
4115 1
4116 23
4117 59
4118 40
4119 9
4120 40
4121 68
4122 47
4123 57
4124 1
4125 56
4126 18
4127 31
4128 49
4129 48
4130 47
4131 47
4132 48
4133 52
4134 52
4135 34
4136 21
4137 41
4138 74
4139 5
4140 44
4141 23
4142 24
4143 24
4144 63
4145 24
4146 66
4147 48
4148 68
4149 5
4150 23
4151 20
4152 27
4153 49
4154 18
4155 86
4156 12
4157 31
4158 31
4159 35
4160 39
4161 35
4162 58
4163 65
4164 35
4165 62
4166 0
4167 32
4168 10
4169 33
4170 3
4171 6
4172 63
4173 7
4174 67
4175 57
4176 68
4177 32
4178 14
4179 11
4180 8
4181 69
4182 46
4183 0
4184 47
4185 8
4186 47
4187 68
4188 68
4189 30
4190 68
4191 69
4192 40
4193 49
4194 44
4195 27
4196 36
4197 17
4198 38
4199 48
4200 19
4201 22
4202 58
4203 31
4204 26
4205 26
4206 29
4207 26
4208 79
4209 76
4210 35
4211 2
4212 37
4213 5
4214 27
4215 37
4216 37
4217 48
4218 45
4219 66
4220 69
4221 59
4222 78
4223 64
4224 56
4225 62
4226 58
4227 69
4228 2
4229 45
4230 15
4231 15
4232 24
4233 22
4234 17
4235 88
4236 27
4237 47
4238 30
4239 45
4240 50
4241 50
4242 54
4243 29
4244 8
4245 24
4246 24
4247 32
4248 9
4249 25
4250 57
4251 58
4252 37
4253 37
4254 78
4255 8
4256 56
4257 50
4258 43
4259 42
4260 40
4261 1
4262 44
4263 15
4264 73
4265 14
4266 36
4267 13
4268 19
4269 13
4270 36
4271 9
4272 36
4273 34
4274 11
4275 2
4276 13
4277 1
4278 75
4279 1
4280 36
4281 3
4282 27
4283 2
4284 34
4285 26
4286 28
4287 52
4288 10
4289 26
4290 16
4291 27
4292 2
4293 52
4294 33
4295 26
4296 2
4297 19
4298 33
4299 59
4300 48
4301 53
4302 33
4303 58
4304 55
4305 57
4306 76
4307 51
4308 18
4309 84
4310 42
4311 40
4312 40
4313 68
4314 68
4315 63
4316 38
4317 41
4318 15
4319 56
4320 57
4321 67
4322 57
4323 47
4324 30
4325 21
4326 65
4327 65
4328 66
4329 40
4330 42
4331 41
4332 69
4333 54
4334 64
4335 25
4336 89
4337 69
4338 46
4339 49
4340 15
4341 70
4342 41
4343 61
4344 5
4345 63
4346 4
4347 34
4348 26
4349 32
4350 57
4351 33
4352 1
4353 53
4354 28
4355 59
4356 1
4357 27
4358 34
4359 25
4360 53
4361 38
4362 63
4363 48
4364 6
4365 36
4366 0
4367 61
4368 62
4369 63
4370 30
4371 64
4372 51
4373 29
4374 16
4375 35
4376 30
4377 22
4378 27
4379 37
4380 42
4381 7
4382 2
4383 39
4384 63
4385 57
4386 32
4387 30
4388 27
4389 25
4390 25
4391 30
4392 62
4393 15
4394 33
4395 6
4396 15
4397 31
4398 31
4399 67
4400 66
4401 70
4402 27
4403 41
4404 39
4405 37
4406 64
4407 32
4408 40
4409 95
4410 15
4411 19
4412 27
4413 26
4414 28
4415 74
4416 68
4417 57
4418 60
4419 0
4420 30
4421 33
4422 31
4423 46
4424 18
4425 36
4426 21
4427 20
4428 40
4429 63
4430 60
4431 69
4432 12
4433 50
4434 29
4435 4
4436 37
4437 30
4438 10
4439 44
4440 60
4441 38
4442 47
4443 49
4444 53
4445 53
4446 51
4447 42
4448 16
4449 44
4450 15
4451 44
4452 12
4453 43
4454 62
4455 3
4456 46
4457 15
4458 49
4459 45
4460 14
4461 45
4462 18
4463 14
4464 43
4465 57
4466 42
4467 69
4468 43
4469 32
4470 45
4471 67
4472 12
4473 45
4474 48
4475 38
4476 10
4477 16
4478 54
4479 52
4480 25
4481 1
4482 52
4483 26
4484 52
4485 9
4486 52
4487 41
4488 4
4489 69
4490 41
4491 44
4492 41
4493 70
4494 21
4495 28
4496 60
4497 18
4498 18
4499 52
4500 41
4501 66
4502 63
4503 63
4504 3
4505 27
4506 14
4507 63
4508 20
4509 43
4510 69
4511 42
4512 6
4513 64
4514 17
4515 68
4516 44
4517 46
4518 17
4519 24
4520 29
4521 20
4522 62
4523 45
4524 68
4525 71
4526 29
4527 39
4528 35
4529 9
4530 17
4531 43
4532 53
4533 42
4534 43
4535 10
4536 42
4537 30
4538 16
4539 69
4540 82
4541 75
4542 31
4543 21
4544 49
4545 18
4546 20
4547 56
4548 0
4549 48
4550 24
4551 48
4552 21
4553 48
4554 47
4555 30
4556 33
4557 54
4558 59
4559 52
4560 28
4561 19
4562 46
4563 62
4564 29
4565 3
4566 22
4567 77
4568 16
4569 15
4570 13
4571 54
4572 22
4573 18
4574 57
4575 58
4576 15
4577 3
4578 27
4579 55
4580 50
4581 28
4582 41
4583 32
4584 4
4585 34
4586 40
4587 44
4588 49
4589 11
4590 20
4591 48
4592 59
4593 33
4594 19
4595 71
4596 15
4597 50
4598 51
4599 12
4600 50
4601 45
4602 29
4603 60
4604 53
4605 13
4606 54
4607 25
4608 62
4609 30
4610 61
4611 32
4612 6
4613 63
4614 4
4615 32
4616 31
4617 5
4618 8
4619 2
4620 58
4621 23
4622 78
4623 32
4624 49
4625 26
4626 7
4627 59
4628 61
4629 10
4630 23
4631 33
4632 39
4633 59
4634 32
4635 47
4636 27
4637 52
4638 27
4639 22
4640 25
4641 36
4642 42
4643 25
4644 9
4645 40
4646 9
4647 11
4648 74
4649 30
4650 61
4651 62
4652 61
4653 8
4654 39
4655 2
4656 2
4657 11
4658 11
4659 36
4660 26
4661 21
4662 23
4663 0
4664 22
4665 64
4666 34
4667 26
4668 59
4669 6
4670 54
4671 63
4672 0
4673 6
4674 56
4675 16
4676 31
4677 77
4678 9
4679 32
4680 62
4681 64
4682 43
4683 37
4684 10
4685 48
4686 31
4687 23
4688 16
4689 27
4690 25
4691 36
4692 27
4693 8
4694 31
4695 55
4696 55
4697 58
4698 26
4699 39
4700 15
4701 18
4702 18
4703 19
4704 45
4705 32
4706 30
4707 4
4708 63
4709 30
4710 27
4711 2
4712 32
4713 29
4714 61
4715 26
4716 34
4717 25
4718 52
4719 29
4720 53
4721 10
4722 50
4723 43
4724 52
4725 52
4726 63
4727 63
4728 37
4729 38
4730 5
4731 29
4732 6
4733 54
4734 55
4735 23
4736 39
4737 7
4738 17
4739 6
4740 50
4741 44
4742 57
4743 31
4744 50
4745 16
4746 58
4747 25
4748 32
4749 8
4750 70
4751 70
4752 40
4753 44
4754 8
4755 43
4756 65
4757 23
4758 35
4759 39
4760 35
4761 8
4762 5
4763 18
4764 44
4765 39
4766 36
4767 4
4768 9
4769 19
4770 29
4771 45
4772 42
4773 58
4774 56
4775 66
4776 13
4777 30
4778 10
4779 83
4780 45
4781 68
4782 25
4783 61
4784 40
4785 43
4786 13
4787 4
4788 73
4789 14
4790 40
4791 11
4792 0
4793 42
4794 75
4795 47
4796 43
4797 43
4798 14
4799 28
4800 9
4801 73
4802 65
4803 33
4804 32
4805 57
4806 40
4807 8
4808 45
4809 60
4810 39
4811 75
4812 49
4813 52
4814 4
4815 52
4816 15
4817 58
4818 49
4819 48
4820 4
4821 47
4822 59
4823 56
4824 58
4825 24
4826 28
4827 45
4828 49
4829 10
4830 21
4831 20
4832 63
4833 10
4834 26
4835 53
4836 58
4837 53
4838 65
4839 6
4840 38
4841 41
4842 51
4843 2
4844 59
4845 17
4846 78
4847 68
4848 46
4849 21
4850 43
4851 53
4852 15
4853 26
4854 66
4855 35
4856 65
4857 67
4858 85
4859 45
4860 39
4861 37
4862 0
4863 39
4864 67
4865 35
4866 34
4867 4
4868 11
4869 49
4870 51
4871 8
4872 19
4873 52
4874 25
4875 29
4876 50
4877 28
4878 82
4879 6
4880 58
4881 30
4882 63
4883 63
4884 10
4885 35
4886 27
4887 39
4888 35
4889 59
4890 29
4891 1
4892 43
4893 44
4894 75
4895 73
4896 69
4897 55
4898 55
4899 19
4900 41
4901 10
4902 53
4903 53
4904 9
4905 1
4906 27
4907 51
4908 25
4909 59
4910 15
4911 22
4912 68
4913 56
4914 5
4915 74
4916 30
4917 13
4918 50
4919 56
4920 6
4921 25
4922 39
4923 35
4924 10
4925 37
4926 35
4927 83
4928 76
4929 44
4930 13
4931 5
4932 45
4933 5
4934 81
4935 3
4936 68
4937 9
4938 31
4939 66
4940 43
4941 37
4942 22
4943 39
4944 14
4945 44
4946 20
4947 13
4948 5
4949 47
4950 63
4951 12
4952 18
4953 77
4954 41
4955 16
4956 8
4957 16
4958 43
4959 42
4960 14
4961 26
4962 32
4963 33
4964 8
4965 29
4966 47
4967 25
4968 15
4969 32
4970 36
4971 25
4972 18
4973 35
4974 27
4975 38
4976 9
4977 5
4978 58
4979 58
4980 32
4981 8
4982 63
4983 63
4984 67
4985 73
4986 30
4987 66
4988 54
4989 28
4990 12
4991 13
4992 21
4993 78
4994 7
4995 57
4996 57
4997 19
4998 57
4999 3
5000 6
5001 28
5002 29
5003 48
5004 22
5005 7
5006 33
5007 38
5008 12
5009 41
5010 3
5011 71
5012 26
5013 56
5014 46
5015 45
5016 48
5017 43
5018 88
5019 71
5020 43
5021 9
5022 44
5023 47
5024 44
5025 59
5026 15
5027 21
5028 70
5029 26
5030 64
5031 13
5032 58
5033 27
5034 35
5035 6
5036 9
5037 17
5038 36
5039 42
5040 37
5041 40
5042 42
5043 9
5044 35
5045 42
5046 1
5047 44
5048 9
5049 24
5050 23
5051 19
5052 36
5053 35
5054 4
5055 3
5056 66
5057 20
5058 19
5059 74
5060 43
5061 5
5062 19
5063 34
5064 4
5065 35
5066 66
5067 25
5068 61
5069 67
5070 60
5071 61
5072 55
5073 48
5074 38
5075 46
5076 22
5077 49
5078 27
5079 65
5080 67
5081 15
5082 66
5083 3
5084 21
5085 11
5086 53
5087 78
5088 27
5089 30
5090 40
5091 11
5092 11
5093 17
5094 47
5095 41
5096 43
5097 21
5098 27
5099 71
5100 43
5101 41
5102 10
5103 42
5104 67
5105 61
5106 23
5107 15
5108 41
5109 67
5110 35
5111 26
5112 60
5113 0
5114 69
5115 55
5116 41
5117 41
5118 31
5119 16
5120 16
5121 40
5122 5
5123 18
5124 28
5125 1
5126 42
5127 26
5128 19
5129 44
5130 47
5131 23
5132 28
5133 55
5134 24
5135 79
5136 31
5137 5
5138 62
5139 43
5140 36
5141 37
5142 35
5143 14
5144 8
5145 55
5146 63
5147 49
5148 21
5149 48
5150 65
5151 80
5152 28
5153 29
5154 41
5155 51
5156 72
5157 1
5158 51
5159 62
5160 23
5161 3
5162 31
5163 57
5164 37
5165 8
5166 9
5167 12
5168 65
5169 15
5170 36
5171 37
5172 57
5173 19
5174 52
5175 10
5176 11
5177 29
5178 39
5179 66
5180 39
5181 67
5182 67
5183 48
5184 11
5185 14
5186 70
5187 74
5188 31
5189 32
5190 32
5191 32
5192 30
5193 6
5194 49
5195 48
5196 50
5197 29
5198 56
5199 52
5200 3
5201 47
5202 56
5203 1
5204 44
5205 64
5206 4
5207 23
5208 41
5209 73
5210 9
5211 72
5212 68
5213 68
5214 43
5215 54
5216 11
5217 41
5218 36
5219 45
5220 0
5221 60
5222 29
5223 28
5224 29
5225 25
5226 29
5227 63
5228 29
5229 51
5230 41
5231 15
5232 43
5233 37
5234 33
5235 69
5236 25
5237 29
5238 57
5239 32
5240 38
5241 29
5242 10
5243 38
5244 58
5245 38
5246 46
5247 46
5248 57
5249 29
5250 56
5251 64
5252 50
5253 26
5254 19
5255 45
5256 27
5257 0
5258 43
5259 12
5260 36
5261 6
5262 47
5263 15
5264 40
5265 21
5266 46
5267 37
5268 34
5269 43
5270 58
5271 21
5272 14
5273 64
5274 2
5275 67
5276 57
5277 69
5278 27
5279 14
5280 50
5281 12
5282 49
5283 41
5284 85
5285 73
5286 64
5287 72
5288 47
5289 99
5290 3
5291 38
5292 96
5293 5
5294 13
5295 59
5296 20
5297 18
5298 17
5299 46
5300 47
5301 68
5302 37
5303 36
5304 34
5305 33
5306 32
5307 5
5308 30
5309 59
5310 34
5311 56
5312 31
5313 61
5314 60
5315 39
5316 31
5317 68
5318 13
5319 49
5320 54
5321 56
5322 53
5323 53
5324 20
5325 65
5326 30
5327 66
5328 0
5329 65
5330 10
5331 52
5332 26
5333 27
5334 28
5335 57
5336 78
5337 24
5338 21
5339 25
5340 60
5341 2
5342 3
5343 19
5344 66
5345 8
5346 77
5347 28
5348 34
5349 57
5350 38
5351 56
5352 68
5353 5
5354 41
5355 44
5356 23
5357 40
5358 61
5359 27
5360 40
5361 57
5362 32
5363 51
5364 27
5365 25
5366 54
5367 48
5368 26
5369 56
5370 47
5371 28
5372 61
5373 45
5374 49
5375 44
5376 83
5377 53
5378 45
5379 70
5380 10
5381 47
5382 71
5383 35
5384 45
5385 15
5386 28
5387 48
5388 28
5389 37
5390 13
5391 2
5392 58
5393 59
5394 43
5395 65
5396 69
5397 55
5398 34
5399 1
5400 48
5401 5
5402 15
5403 26
5404 77
5405 52
5406 1
5407 42
5408 17
5409 39
5410 23
5411 63
5412 63
5413 60
5414 82
5415 61
5416 24
5417 42
5418 13
5419 20
5420 50
5421 66
5422 17
5423 20
5424 18
5425 43
5426 23
5427 39
5428 36
5429 9
5430 9
5431 87
5432 48
5433 6
5434 27
5435 46
5436 9
5437 23
5438 52
5439 32
5440 8
5441 82
5442 38
5443 68
5444 5
5445 71
5446 38
5447 76
5448 71
5449 75
5450 78
5451 41
5452 50
5453 47
5454 18
5455 6
5456 52
5457 69
5458 37
5459 55
5460 48
5461 57
5462 52
5463 43
5464 41
5465 24
5466 2
5467 43
5468 84
5469 35
5470 67
5471 10
5472 36
5473 43
5474 66
5475 67
5476 66
5477 70
5478 41
5479 6
5480 13
5481 9
5482 49
5483 18
5484 29
5485 7
5486 11
5487 29
5488 3
5489 41
5490 42
5491 16
5492 31
5493 57
5494 47
5495 1
5496 64
5497 54
5498 9
5499 3
5500 46
5501 61
5502 34
5503 41
5504 40
5505 41
5506 17
5507 32
5508 35
5509 4
5510 27
5511 59
5512 55
5513 34
5514 16
5515 32
5516 32
5517 71
5518 19
5519 18
5520 30
5521 32
5522 27
5523 34
5524 71
5525 27
5526 34
5527 38
5528 42
5529 11
5530 28
5531 13
5532 8
5533 20
5534 24
5535 47
5536 37
5537 64
5538 63
5539 45
5540 22
5541 47
5542 49
5543 57
5544 3
5545 29
5546 32
5547 59
5548 51
5549 37
5550 40
5551 7
5552 4
5553 66
5554 9
5555 54
5556 4
5557 51
5558 31
5559 32
5560 7
5561 1
5562 59
5563 76
5564 52
5565 30
5566 28
5567 4
5568 46
5569 16
5570 27
5571 32
5572 7
5573 1
5574 34
5575 28
5576 32
5577 1
5578 29
5579 49
5580 15
5581 27
5582 22
5583 35
5584 38
5585 4
5586 7
5587 1
5588 42
5589 68
5590 32
5591 43
5592 48
5593 38
5594 28
5595 41
5596 30
5597 47
5598 23
5599 19
5600 49
5601 46
5602 47
5603 17
5604 20
5605 31
5606 40
5607 12
5608 66
5609 69
5610 37
5611 14
5612 54
5613 12
5614 69
5615 35
5616 47
5617 64
5618 57
5619 72
5620 20
5621 93
5622 32
5623 50
5624 62
5625 26
5626 25
5627 28
5628 43
5629 29
5630 27
5631 25
5632 25
5633 27
5634 61
5635 35
5636 0
5637 48
5638 23
5639 26
5640 54
5641 26
5642 28
5643 26
5644 27
5645 50
5646 23
5647 14
5648 38
5649 4
5650 54
5651 11
5652 65
5653 23
5654 36
5655 14
5656 73
5657 61
5658 26
5659 30
5660 67
5661 12
5662 32
5663 1
5664 0
5665 62
5666 8
5667 35
5668 66
5669 44
5670 56
5671 36
5672 62
5673 71
5674 18
5675 50
5676 71
5677 73
5678 49
5679 23
5680 11
5681 16
5682 24
5683 0
5684 59
5685 17
5686 4
5687 30
5688 27
5689 42
5690 27
5691 10
5692 2
5693 48
5694 41
5695 8
5696 4
5697 38
5698 18
5699 35
5700 32
5701 29
5702 60
5703 61
5704 37
5705 64
5706 45
5707 49
5708 70
5709 45
5710 19
5711 74
5712 59
5713 34
5714 49
5715 62
5716 64
5717 40
5718 29
5719 29
5720 54
5721 22
5722 15
5723 18
5724 49
5725 24
5726 17
5727 22
5728 38
5729 22
5730 15
5731 41
5732 8
5733 93
5734 2
5735 47
5736 41
5737 15
5738 35
5739 36
5740 6
5741 47
5742 22
5743 22
5744 49
5745 41
5746 63
5747 12
5748 68
5749 10
5750 50
5751 53
5752 68
5753 26
5754 19
5755 10
5756 25
5757 8
5758 25
5759 30
5760 52
5761 22
5762 28
5763 9
5764 86
5765 47
5766 9
5767 52
5768 48
5769 73
5770 77
5771 79
5772 59
5773 56
5774 64
5775 58
5776 50
5777 22
5778 42
5779 18
5780 38
5781 47
5782 25
5783 20
5784 31
5785 9
5786 12
5787 35
5788 28
5789 51
5790 25
5791 29
5792 53
5793 25
5794 9
5795 53
5796 0
5797 22
5798 17
5799 54
5800 45
5801 69
5802 47
5803 21
5804 35
5805 95
5806 31
5807 29
5808 35
5809 68
5810 68
5811 23
5812 52
5813 77
5814 43
5815 11
5816 49
5817 60
5818 30
5819 57
5820 61
5821 47
5822 47
5823 53
5824 19
5825 88
5826 46
5827 65
5828 51
5829 49
5830 23
5831 17
5832 22
5833 86
5834 55
5835 36
5836 7
5837 5
5838 41
5839 7
5840 39
5841 16
5842 73
5843 62
5844 34
5845 47
5846 56
5847 51
5848 13
5849 68
5850 28
5851 33
5852 4
5853 31
5854 57
5855 28
5856 36
5857 19
5858 6
5859 12
5860 64
5861 43
5862 35
5863 40
5864 34
5865 2
5866 1
5867 21
5868 39
5869 9
5870 12
5871 46
5872 60
5873 0
5874 27
5875 67
5876 5
5877 58
5878 55
5879 59
5880 12
5881 22
5882 47
5883 46
5884 12
5885 37
5886 35
5887 9
5888 11
5889 13
5890 45
5891 57
5892 20
5893 7
5894 20
5895 58
5896 52
5897 15
5898 51
5899 34
5900 51
5901 57
5902 58
5903 42
5904 26
5905 18
5906 0
5907 19
5908 32
5909 32
5910 36
5911 53
5912 40
5913 47
5914 5
5915 69
5916 55
5917 68
5918 13
5919 62
5920 59
5921 41
5922 60
5923 60
5924 56
5925 55
5926 73
5927 57
5928 22
5929 59
5930 51
5931 59
5932 59
5933 53
5934 32
5935 12
5936 30
5937 14
5938 53
5939 49
5940 54
5941 23
5942 28
5943 54
5944 16
5945 4
5946 38
5947 8
5948 3
5949 62
5950 1
5951 54
5952 17
5953 50
5954 51
5955 50
5956 3
5957 53
5958 45
5959 47
5960 46
5961 43
5962 74
5963 11
5964 69
5965 19
5966 58
5967 3
5968 66
5969 70
5970 89
5971 36
5972 11
5973 65
5974 28
5975 39
5976 41
5977 37
5978 0
5979 51
5980 52
5981 7
5982 60
5983 56
5984 24
5985 91
5986 33
5987 19
5988 39
5989 44
5990 13
5991 41
5992 39
5993 53
5994 40
5995 11
5996 24
5997 46
5998 52
5999 59
6000 5
6001 25
6002 31
6003 34
6004 12
6005 32
6006 75
6007 4
6008 68
6009 7
6010 29
6011 48
6012 48
6013 19
6014 39
6015 4
6016 14
6017 30
6018 55
6019 41
6020 60
6021 36
6022 49
6023 45
6024 17
6025 49
6026 47
6027 25
6028 33
6029 28
6030 79
6031 28
6032 21
6033 43
6034 8
6035 8
6036 53
6037 52
6038 52
6039 67
6040 1
6041 39
6042 3
6043 74
6044 2
6045 29
6046 32
6047 32
6048 60
6049 6
6050 6
6051 27
6052 3
6053 2
6054 3
6055 36
6056 60
6057 85
6058 17
6059 57
6060 51
6061 31
6062 64
6063 30
6064 25
6065 36
6066 37
6067 25
6068 1
6069 58
6070 34
6071 47
6072 8
6073 27
6074 59
6075 49
6076 50
6077 14
6078 27
6079 58
6080 20
6081 26
6082 32
6083 6
6084 4
6085 75
6086 18
6087 46
6088 46
6089 63
6090 63
6091 66
6092 59
6093 42
6094 54
6095 59
6096 33
6097 28
6098 19
6099 39
6100 60
6101 7
6102 64
6103 11
6104 59
6105 5
6106 62
6107 91
6108 69
6109 51
6110 23
6111 29
6112 24
6113 63
6114 52
6115 54
6116 20
6117 60
6118 53
6119 63
6120 56
6121 31
6122 4
6123 50
6124 23
6125 20
6126 30
6127 20
6128 29
6129 23
6130 4
6131 24
6132 26
6133 32
6134 22
6135 47
6136 47
6137 71
6138 12
6139 79
6140 12
6141 11
6142 51
6143 8
6144 33
6145 51
6146 41
6147 17
6148 88
6149 0
6150 59
6151 38
6152 27
6153 5
6154 1
6155 45
6156 48
6157 15
6158 47
6159 43
6160 45
6161 64
6162 26
6163 30
6164 40
6165 40
6166 2
6167 19
6168 43
6169 27
6170 52
6171 46
6172 39
6173 5
6174 12
6175 61
6176 60
6177 56
6178 46
6179 49
6180 49
6181 56
6182 26
6183 28
6184 57
6185 9
6186 58
6187 64
6188 62
6189 37
6190 15
6191 0
6192 19
6193 43
6194 17
6195 30
6196 33
6197 43
6198 16
6199 42
6200 10
6201 30
6202 30
6203 32
6204 34
6205 64
6206 18
6207 39
6208 0
6209 39
6210 29
6211 73
6212 10
6213 26
6214 66
6215 0
6216 37
6217 3
6218 38
6219 1
6220 49
6221 24
6222 69
6223 62
6224 40
6225 2
6226 6
6227 29
6228 31
6229 6
6230 49
6231 40
6232 23
6233 44
6234 18
6235 20
6236 46
6237 27
6238 6
6239 21
6240 30
6241 26
6242 57
6243 27
6244 59
6245 3
6246 55
6247 55
6248 22
6249 40
6250 40
6251 6
6252 14
6253 9
6254 2
6255 59
6256 62
6257 14
6258 62
6259 7
6260 31
6261 32
6262 48
6263 14
6264 45
6265 37
6266 29
6267 6
6268 26
6269 8
6270 46
6271 64
6272 60
6273 57
6274 4
6275 61
6276 82
6277 77
6278 26
6279 23
6280 23
6281 40
6282 43
6283 55
6284 56
6285 22
6286 47
6287 8
6288 25
6289 49
6290 37
6291 28
6292 4
6293 8
6294 7
6295 24
6296 21
6297 64
6298 46
6299 35
6300 37
6301 13
6302 7
6303 25
6304 2
6305 66
6306 38
6307 68
6308 47
6309 39
6310 37
6311 19
6312 10
6313 76
6314 34
6315 46
6316 21
6317 21
6318 65
6319 48
6320 58
6321 26
6322 49
6323 56
6324 9
6325 36
6326 2
6327 38
6328 39
6329 38
6330 11
6331 44
6332 36
6333 9
6334 22
6335 35
6336 27
6337 39
6338 56
6339 15
6340 48
6341 34
6342 25
6343 28
6344 60
6345 55
6346 26
6347 53
6348 53
6349 22
6350 25
6351 67
6352 39
6353 30
6354 74
6355 51
6356 53
6357 53
6358 65
6359 16
6360 90
6361 68
6362 73
6363 44
6364 46
6365 25
6366 18
6367 76
6368 13
6369 62
6370 12
6371 51
6372 26
6373 26
6374 58
6375 46
6376 52
6377 46
6378 0
6379 18
6380 54
6381 50
6382 87
6383 23
6384 50
6385 12
6386 59
6387 40
6388 44
6389 12
6390 70
6391 47
6392 36
6393 45
6394 18
6395 70
6396 27
6397 38
6398 5
6399 36
6400 29
6401 10
6402 64
6403 4
6404 37
6405 10
6406 30
6407 28
6408 55
6409 55
6410 48
6411 5
6412 39
6413 47
6414 72
6415 74
6416 46
6417 17
6418 63
6419 58
6420 23
6421 21
6422 54
6423 43
6424 31
6425 41
6426 51
6427 18
6428 41
6429 42
6430 68
6431 71
6432 10
6433 28
6434 33
6435 7
6436 30
6437 0
6438 74
6439 14
6440 25
6441 28
6442 1
6443 24
6444 40
6445 25
6446 23
6447 34
6448 27
6449 43
6450 31
6451 36
6452 35
6453 38
6454 48
6455 48
6456 49
6457 86
6458 42
6459 80
6460 31
6461 27
6462 2
6463 10
6464 34
6465 33
6466 68
6467 34
6468 63
6469 61
6470 61
6471 64
6472 30
6473 50
6474 16
6475 24
6476 42
6477 54
6478 17
6479 1
6480 51
6481 86
6482 91
6483 11
6484 77
6485 75
6486 29
6487 29
6488 52
6489 47
6490 11
6491 17
6492 82
6493 11
6494 18
6495 42
6496 27
6497 32
6498 36
6499 5
6500 9
6501 39
6502 14
6503 28
6504 59
6505 25
6506 1
6507 39
6508 39
6509 77
6510 71
6511 80
6512 65
6513 13
6514 87
6515 51
6516 55
6517 37
6518 57
6519 48
6520 17
6521 41
6522 20
6523 71
6524 68
6525 52
6526 50
6527 1
6528 74
6529 46
6530 39
6531 13
6532 6
6533 17
6534 5
6535 38
6536 94
6537 76
6538 71
6539 13
6540 53
6541 54
6542 15
6543 14
6544 17
6545 23
6546 66
6547 61
6548 69
6549 43
6550 42
6551 21
6552 54
6553 22
6554 22
6555 48
6556 7
6557 16
6558 25
6559 57
6560 26
6561 68
6562 65
6563 27
6564 9
6565 22
6566 29
6567 20
6568 19
6569 62
6570 38
6571 9
6572 48
6573 50
6574 52
6575 0
6576 50
6577 21
6578 42
6579 2
6580 47
6581 8
6582 40
6583 33
6584 0
6585 32
6586 3
6587 5
6588 41
6589 3
6590 23
6591 59
6592 75
6593 12
6594 57
6595 24
6596 69
6597 5
6598 51
6599 66
6600 5
6601 19
6602 40
6603 13
6604 26
6605 45
6606 63
6607 49
6608 82
6609 1
6610 54
6611 15
6612 23
6613 55
6614 17
6615 75
6616 11
6617 31
6618 62
6619 52
6620 19
6621 50
6622 4
6623 74
6624 32
6625 61
6626 34
6627 29
6628 36
6629 26
6630 58
6631 29
6632 29
6633 63
6634 11
6635 28
6636 32
6637 54
6638 36
6639 4
6640 6
6641 28
6642 21
6643 51
6644 53
6645 13
6646 46
6647 43
6648 16
6649 10
6650 59
6651 15
6652 32
6653 68
6654 40
6655 14
6656 67
6657 3
6658 33
6659 12
6660 46
6661 47
6662 19
6663 7
6664 7
6665 23
6666 23
6667 25
6668 30
6669 27
6670 4
6671 27
6672 28
6673 33
6674 4
6675 21
6676 23
6677 41
6678 17
6679 43
6680 43
6681 34
6682 5
6683 48
6684 24
6685 35
6686 42
6687 11
6688 8
6689 11
6690 6
6691 48
6692 46
6693 43
6694 29
6695 23
6696 72
6697 23
6698 63
6699 29
6700 37
6701 66
6702 55
6703 29
6704 22
6705 50
6706 0
6707 8
6708 14
6709 35
6710 25
6711 31
6712 55
6713 4
6714 23
6715 40
6716 14
6717 7
6718 65
6719 11
6720 22
6721 5
6722 50
6723 28
6724 51
6725 4
6726 21
6727 45
6728 65
6729 54
6730 28
6731 9
6732 25
6733 36
6734 2
6735 18
6736 68
6737 3
6738 36
6739 37
6740 6
6741 8
6742 81
6743 2
6744 50
6745 69
6746 68
6747 78
6748 7
6749 51
6750 57
6751 21
6752 19
6753 67
6754 67
6755 51
6756 17
6757 58
6758 6
6759 57
6760 56
6761 41
6762 59
6763 58
6764 42
6765 8
6766 7
6767 38
6768 1
6769 28
6770 57
6771 30
6772 20
6773 67
6774 41
6775 60
6776 54
6777 1
6778 61
6779 10
6780 63
6781 58
6782 44
6783 44
6784 24
6785 54
6786 58
6787 39
6788 8
6789 9
6790 29
6791 26
6792 48
6793 57
6794 57
6795 33
6796 37
6797 53
6798 38
6799 19
6800 66
6801 69
6802 20
6803 35
6804 22
6805 48
6806 37
6807 7
6808 9
6809 39
6810 7
6811 32
6812 32
6813 27
6814 59
6815 50
6816 19
6817 22
6818 65
6819 77
6820 37
6821 20
6822 36
6823 42
6824 20
6825 58
6826 55
6827 51
6828 46
6829 42
6830 63
6831 79
6832 14
6833 32
6834 50
6835 51
6836 49
6837 21
6838 44
6839 26
6840 13
6841 25
6842 56
6843 57
6844 17
6845 61
6846 61
6847 36
6848 45
6849 89
6850 58
6851 14
6852 7
6853 49
6854 20
6855 33
6856 48
6857 22
6858 26
6859 49
6860 28
6861 45
6862 15
6863 61
6864 37
6865 2
6866 10
6867 36
6868 19
6869 74
6870 68
6871 66
6872 46
6873 46
6874 82
6875 49
6876 52
6877 5
6878 13
6879 59
6880 67
6881 53
6882 61
6883 30
6884 63
6885 57
6886 50
6887 28
6888 85
6889 82
6890 31
6891 45
6892 46
6893 39
6894 25
6895 56
6896 55
6897 60
6898 51
6899 32
6900 24
6901 39
6902 17
6903 31
6904 66
6905 47
6906 42
6907 12
6908 10
6909 44
6910 65
6911 60
6912 35
6913 16
6914 36
6915 7
6916 32
6917 10
6918 68
6919 28
6920 25
6921 7
6922 25
6923 0
6924 29
6925 27
6926 32
6927 53
6928 33
6929 24
6930 21
6931 21
6932 17
6933 23
6934 30
6935 34
6936 40
6937 37
6938 8
6939 31
6940 32
6941 31
6942 10
6943 39
6944 38
6945 50
6946 25
6947 31
6948 57
6949 58
6950 53
6951 82
6952 34
6953 53
6954 0
6955 21
6956 20
6957 25
6958 76
6959 49
6960 62
6961 44
6962 7
6963 42
6964 39
6965 61
6966 31
6967 60
6968 9
6969 51
6970 48
6971 30
6972 18
6973 45
6974 17
6975 62
6976 43
6977 69
6978 49
6979 25
6980 53
6981 56
6982 17
6983 64
6984 39
6985 46
6986 29
6987 26
6988 40
6989 21
6990 9
6991 34
6992 0
6993 1
6994 7
6995 54
6996 56
6997 21
6998 75
6999 10
7000 51
7001 52
7002 25
7003 8
7004 51
7005 25
7006 29
7007 63
7008 15
7009 56
7010 22
7011 55
7012 55
7013 50
7014 29
7015 0
7016 33
7017 37
7018 66
7019 56
7020 18
7021 27
7022 24
7023 57
7024 57
7025 62
7026 60
7027 62
7028 28
7029 47
7030 11
7031 53
7032 41
7033 39
7034 34
7035 8
7036 44
7037 38
7038 14
7039 63
7040 18
7041 47
7042 44
7043 11
7044 48
7045 48
7046 7
7047 52
7048 42
7049 62
7050 30
7051 41
7052 15
7053 17
7054 52
7055 15
7056 27
7057 60
7058 26
7059 33
7060 4
7061 63
7062 58
7063 36
7064 53
7065 10
7066 40
7067 25
7068 65
7069 78
7070 20
7071 4
7072 16
7073 78
7074 47
7075 46
7076 19
7077 45
7078 21
7079 51
7080 55
7081 72
7082 82
7083 78
7084 62
7085 63
7086 63
7087 59
7088 32
7089 71
7090 72
7091 22
7092 19
7093 38
7094 49
7095 7
7096 59
7097 48
7098 71
7099 35
7100 7
7101 66
7102 67
7103 73
7104 14
7105 62
7106 18
7107 61
7108 25
7109 39
7110 46
7111 44
7112 14
7113 44
7114 51
7115 51
7116 11
7117 25
7118 68
7119 21
7120 56
7121 16
7122 43
7123 25
7124 42
7125 72
7126 3
7127 78
7128 42
7129 36
7130 59
7131 8
7132 37
7133 34
7134 31
7135 34
7136 29
7137 27
7138 21
7139 4
7140 39
7141 4
7142 9
7143 34
7144 15
7145 31
7146 1
7147 38
7148 33
7149 30
7150 58
7151 4
7152 59
7153 31
7154 22
7155 27
7156 7
7157 41
7158 35
7159 37
7160 30
7161 18
7162 39
7163 15
7164 40
7165 15
7166 57
7167 31
7168 17
7169 27
7170 4
7171 20
7172 45
7173 24
7174 56
7175 56
7176 21
7177 23
7178 25
7179 64
7180 35
7181 51
7182 10
7183 28
7184 44
7185 13
7186 35
7187 8
7188 37
7189 6
7190 65
7191 39
7192 14
7193 32
7194 42
7195 48
7196 17
7197 18
7198 34
7199 9
7200 34
7201 29
7202 37
7203 46
7204 30
7205 6
7206 31
7207 34
7208 2
7209 37
7210 38
7211 42
7212 2
7213 11
7214 13
7215 25
7216 79
7217 93
7218 37
7219 18
7220 23
7221 29
7222 50
7223 0
7224 29
7225 26
7226 50
7227 50
7228 50
7229 52
7230 42
7231 15
7232 5
7233 13
7234 29
7235 19
7236 28
7237 32
7238 28
7239 32
7240 82
7241 5
7242 48
7243 50
7244 54
7245 29
7246 56
7247 11
7248 43
7249 19
7250 39
7251 11
7252 45
7253 75
7254 76
7255 12
7256 48
7257 41
7258 29
7259 3
7260 37
7261 41
7262 46
7263 50
7264 54
7265 36
7266 4
7267 7
7268 44
7269 34
7270 68
7271 43
7272 76
7273 47
7274 3
7275 16
7276 47
7277 71
7278 49
7279 47
7280 17
7281 61
7282 59
7283 41
7284 11
7285 15
7286 1
7287 7
7288 12
7289 51
7290 30
7291 48
7292 3
7293 63
7294 5
7295 20
7296 44
7297 11
7298 24
7299 35
7300 67
7301 68
7302 65
7303 63
7304 19
7305 47
7306 30
7307 30
7308 26
7309 50
7310 2
7311 40
7312 40
7313 16
7314 49
7315 73
7316 2
7317 52
7318 35
7319 6
7320 0
7321 34
7322 72
7323 34
7324 29
7325 6
7326 61
7327 42
7328 56
7329 2
7330 69
7331 66
7332 66
7333 36
7334 0
7335 2
7336 15
7337 56
7338 59
7339 56
7340 59
7341 40
7342 66
7343 66
7344 61
7345 28
7346 62
7347 69
7348 45
7349 49
7350 38
7351 24
7352 12
7353 53
7354 77
7355 23
7356 30
7357 0
7358 3
7359 9
7360 30
7361 65
7362 48
7363 2
7364 49
7365 22
7366 16
7367 20
7368 62
7369 67
7370 56
7371 2
7372 75
7373 28
7374 51
7375 46
7376 14
7377 21
7378 38
7379 38
7380 8
7381 15
7382 42
7383 22
7384 31
7385 7
7386 33
7387 30
7388 33
7389 40
7390 5
7391 17
7392 31
7393 31
7394 1
7395 30
7396 8
7397 66
7398 43
7399 49
7400 24
7401 45
7402 52
7403 46
7404 38
7405 17
7406 33
7407 49
7408 25
7409 47
7410 5
7411 5
7412 45
7413 59
7414 67
7415 57
7416 64
7417 40
7418 30
7419 55
7420 74
7421 35
7422 38
7423 8
7424 3
7425 38
7426 59
7427 32
7428 10
7429 89
7430 41
7431 30
7432 30
7433 32
7434 10
7435 38
7436 40
7437 43
7438 44
7439 8
7440 40
7441 31
7442 34
7443 39
7444 74
7445 38
7446 47
7447 45
7448 35
7449 38
7450 25
7451 40
7452 36
7453 72
7454 70
7455 21
7456 64
7457 55
7458 64
7459 19
7460 43
7461 66
7462 14
7463 69
7464 67
7465 13
7466 48
7467 41
7468 46
7469 17
7470 26
7471 28
7472 54
7473 50
7474 64
7475 9
7476 66
7477 68
7478 30
7479 37
7480 48
7481 53
7482 61
7483 26
7484 24
7485 43
7486 45
7487 45
7488 49
7489 10
7490 31
7491 26
7492 58
7493 58
7494 42
7495 62
7496 1
7497 52
7498 52
7499 91
7500 47
7501 53
7502 17
7503 30
7504 71
7505 38
7506 39
7507 25
7508 37
7509 61
7510 11
7511 68
7512 71
7513 71
7514 24
7515 54
7516 85
7517 79
7518 78
7519 50
7520 27
7521 29
7522 48
7523 47
7524 30
7525 21
7526 32
7527 8
7528 10
7529 31
7530 41
7531 13
7532 13
7533 40
7534 85
7535 19
7536 32
7537 64
7538 22
7539 54
7540 22
7541 44
7542 5
7543 43
7544 7
7545 35
7546 74
7547 87
7548 78
7549 30
7550 72
7551 36
7552 9
7553 44
7554 14
7555 47
7556 30
7557 31
7558 33
7559 33
7560 78
7561 75
7562 38
7563 70
7564 17
7565 45
7566 54
7567 23
7568 25
7569 51
7570 42
7571 30
7572 49
7573 31
7574 56
7575 12
7576 69
7577 66
7578 44
7579 15
7580 29
7581 32
7582 44
7583 36
7584 0
7585 61
7586 1
7587 29
7588 25
7589 34
7590 69
7591 57
7592 15
7593 55
7594 44
7595 37
7596 7
7597 4
7598 0
7599 38
7600 41
7601 26
7602 43
7603 60
7604 17
7605 11
7606 69
7607 62
7608 46
7609 46
7610 35
7611 31
7612 43
7613 28
7614 57
7615 20
7616 23
7617 70
7618 70
7619 84
7620 67
7621 73
7622 49
7623 65
7624 34
7625 0
7626 40
7627 15
7628 61
7629 20
7630 31
7631 36
7632 40
7633 8
7634 58
7635 56
7636 71
7637 62
7638 31
7639 23
7640 56
7641 51
7642 28
7643 41
7644 49
7645 3
7646 41
7647 29
7648 2
7649 31
7650 39
7651 5
7652 50
7653 13
7654 48
7655 24
7656 3
7657 19
7658 2
7659 16
7660 41
7661 6
7662 41
7663 44
7664 34
7665 34
7666 59
7667 40
7668 59
7669 60
7670 5
7671 62
7672 64
7673 19
7674 17
7675 27
7676 45
7677 14
7678 18
7679 29
7680 3
7681 37
7682 2
7683 25
7684 33
7685 27
7686 30
7687 32
7688 33
7689 42
7690 10
7691 41
7692 5
7693 33
7694 87
7695 38
7696 57
7697 57
7698 51
7699 63
7700 39
7701 41
7702 17
7703 15
7704 5
7705 38
7706 4
7707 26
7708 61
7709 55
7710 11
7711 63
7712 64
7713 0
7714 85
7715 13
7716 45
7717 43
7718 2
7719 45
7720 17
7721 33
7722 14
7723 9
7724 32
7725 37
7726 32
7727 58
7728 29
7729 43
7730 11
7731 13
7732 39
7733 13
7734 36
7735 13
7736 39
7737 13
7738 70
7739 32
7740 58
7741 14
7742 21
7743 45
7744 49
7745 2
7746 11
7747 5
7748 49
7749 43
7750 35
7751 46
7752 40
7753 76
7754 50
7755 23
7756 21
7757 73
7758 32
7759 29
7760 55
7761 29
7762 5
7763 58
7764 34
7765 24
7766 23
7767 61
7768 64
7769 83
7770 44
7771 17
7772 68
7773 35
7774 15
7775 31
7776 32
7777 3
7778 61
7779 32
7780 42
7781 17
7782 0
7783 0
7784 60
7785 32
7786 45
7787 17
7788 11
7789 33
7790 6
7791 49
7792 40
7793 59
7794 58
7795 59
7796 17
7797 34
7798 49
7799 44
7800 39
7801 37
7802 37
7803 9
7804 64
7805 61
7806 27
7807 15
7808 48
7809 43
7810 0
7811 48
7812 56
7813 0
7814 59
7815 38
7816 63
7817 30
7818 65
7819 65
7820 22
7821 40
7822 42
7823 40
7824 20
7825 49
7826 48
7827 15
7828 58
7829 38
7830 25
7831 78
7832 31
7833 10
7834 5
7835 2
7836 43
7837 42
7838 70
7839 6
7840 45
7841 57
7842 35
7843 48
7844 38
7845 10
7846 10
7847 37
7848 8
7849 48
7850 22
7851 12
7852 44
7853 89
7854 18
7855 53
7856 43
7857 32
7858 15
7859 29
7860 70
7861 41
7862 69
7863 32
7864 32
7865 33
7866 69
7867 67
7868 5
7869 52
7870 50
7871 42
7872 10
7873 24
7874 1
7875 34
7876 36
7877 8
7878 38
7879 66
7880 61
7881 45
7882 46
7883 47
7884 17
7885 13
7886 21
7887 49
7888 62
7889 66
7890 41
7891 24
7892 27
7893 10
7894 66
7895 14
7896 33
7897 34
7898 32
7899 28
7900 57
7901 2
7902 32
7903 29
7904 0
7905 6
7906 71
7907 49
7908 40
7909 29
7910 25
7911 27
7912 53
7913 46
7914 76
7915 5
7916 40
7917 5
7918 23
7919 41
7920 52
7921 79
7922 39
7923 39
7924 2
7925 18
7926 63
7927 62
7928 72
7929 31
7930 37
7931 13
7932 32
7933 1
7934 78
7935 45
7936 79
7937 18
7938 40
7939 11
7940 42
7941 44
7942 24
7943 68
7944 12
7945 18
7946 76
7947 76
7948 52
7949 43
7950 53
7951 10
7952 71
7953 13
7954 44
7955 37
7956 44
7957 52
7958 89
7959 1
7960 61
7961 5
7962 46
7963 17
7964 11
7965 34
7966 6
7967 44
7968 15
7969 19
7970 39
7971 56
7972 57
7973 56
7974 24
7975 22
7976 24
7977 87
7978 53
7979 42
7980 11
7981 16
7982 5
7983 38
7984 60
7985 6
7986 62
7987 34
7988 30
7989 0
7990 34
7991 5
7992 19
7993 82
7994 78
7995 57
7996 55
7997 0
7998 21
7999 40
8000 31
8001 71
8002 46
8003 37
8004 31
8005 0
8006 29
8007 31
8008 49
8009 24
8010 47
8011 16
8012 42
8013 38
8014 39
8015 46
8016 45
8017 30
8018 81
8019 47
8020 66
8021 7
8022 40
8023 52
8024 78
8025 13
8026 29
8027 87
8028 49
8029 18
8030 15
8031 52
8032 28
8033 38
8034 81
8035 31
8036 33
8037 31
8038 40
8039 59
8040 26
8041 23
8042 67
8043 30
8044 30
8045 25
8046 8
8047 51
8048 43
8049 71
8050 1
8051 34
8052 42
8053 25
8054 64
8055 55
8056 63
8057 63
8058 49
8059 44
8060 62
8061 7
8062 43
8063 15
8064 6
8065 11
8066 66
8067 29
8068 50
8069 51
8070 4
8071 65
8072 36
8073 35
8074 6
8075 20
8076 39
8077 40
8078 8
8079 14
8080 25
8081 24
8082 54
8083 10
8084 63
8085 24
8086 72
8087 28
8088 34
8089 29
8090 50
8091 18
8092 18
8093 36
8094 12
8095 6
8096 30
8097 8
8098 25
8099 20
8100 28
8101 19
8102 52
8103 47
8104 58
8105 21
8106 55
8107 12
8108 44
8109 6
8110 11
8111 31
8112 31
8113 31
8114 39
8115 3
8116 33
8117 30
8118 62
8119 60
8120 25
8121 58
8122 72
8123 64
8124 46
8125 50
8126 5
8127 87
8128 27
8129 46
8130 11
8131 59
8132 56
8133 56
8134 97
8135 32
8136 8
8137 63
8138 34
8139 35
8140 6
8141 6
8142 17
8143 2
8144 7
8145 3
8146 43
8147 40
8148 14
8149 29
8150 19
8151 19
8152 41
8153 25
8154 7
8155 59
8156 9
8157 42
8158 87
8159 44
8160 36
8161 30
8162 47
8163 33
8164 16
8165 29
8166 0
8167 35
8168 56
8169 63
8170 8
8171 61
8172 22
8173 39
8174 13
8175 6
8176 72
8177 8
8178 43
8179 14
8180 42
8181 43
8182 12
8183 57
8184 38
8185 35
8186 51
8187 37
8188 7
8189 36
8190 5
8191 23
8192 26
8193 77
8194 75
8195 15
8196 70
8197 60
8198 58
8199 24
8200 39
8201 39
8202 29
8203 10
8204 32
8205 60
8206 64
8207 18
8208 68
8209 21
8210 40
8211 28
8212 44
8213 49
8214 29
8215 23
8216 89
8217 65
8218 22
8219 55
8220 7
8221 68
8222 27
8223 50
8224 51
8225 2
8226 49
8227 20
8228 37
8229 8
8230 49
8231 40
8232 12
8233 51
8234 32
8235 28
8236 66
8237 41
8238 49
8239 47
8240 11
8241 22
8242 41
8243 28
8244 5
8245 64
8246 44
8247 44
8248 6
8249 20
8250 22
8251 24
8252 23
8253 24
8254 52
8255 45
8256 45
8257 38
8258 50
8259 49
8260 51
8261 40
8262 19
8263 38
8264 62
8265 33
8266 1
8267 39
8268 24
8269 49
8270 46
8271 37
8272 3
8273 46
8274 48
8275 53
8276 17
8277 59
8278 12
8279 20
8280 20
8281 20
8282 23
8283 33
8284 48
8285 57
8286 38
8287 47
8288 22
8289 32
8290 27
8291 32
8292 10
8293 14
8294 5
8295 44
8296 50
8297 50
8298 24
8299 36
8300 5
8301 39
8302 15
8303 17
8304 26
8305 53
8306 67
8307 20
8308 57
8309 4
8310 34
8311 0
8312 67
8313 48
8314 65
8315 13
8316 59
8317 67
8318 53
8319 13
8320 62
8321 26
8322 38
8323 36
8324 37
8325 8
8326 40
8327 27
8328 29
8329 23
8330 24
8331 37
8332 14
8333 38
8334 35
8335 14
8336 37
8337 2
8338 2
8339 27
8340 39
8341 51
8342 35
8343 80
8344 11
8345 45
8346 77
8347 10
8348 46
8349 68
8350 38
8351 5
8352 35
8353 3
8354 53
8355 40
8356 21
8357 58
8358 32
8359 26
8360 51
8361 57
8362 7
8363 63
8364 53
8365 54
8366 22
8367 15
8368 23
8369 22
8370 38
8371 29
8372 2
8373 27
8374 60
8375 63
8376 63
8377 38
8378 42
8379 60
8380 42
8381 16
8382 6
8383 41
8384 50
8385 20
8386 18
8387 81
8388 47
8389 56
8390 10
8391 31
8392 6
8393 49
8394 4
8395 62
8396 31
8397 26
8398 22
8399 53
8400 18
8401 76
8402 48
8403 40
8404 7
8405 9
8406 10
8407 55
8408 4
8409 21
8410 18
8411 27
8412 34
8413 56
8414 15
8415 50
8416 18
8417 59
8418 23
8419 33
8420 5
8421 50
8422 15
8423 27
8424 51
8425 22
8426 61
8427 70
8428 48
8429 22
8430 49
8431 12
8432 67
8433 66
8434 29
8435 21
8436 58
8437 27
8438 51
8439 33
8440 18
8441 41
8442 30
8443 39
8444 34
8445 7
8446 5
8447 22
8448 57
8449 57
8450 59
8451 4
8452 53
8453 41
8454 35
8455 23
8456 61
8457 30
8458 57
8459 34
8460 37
8461 2
8462 2
8463 68
8464 65
8465 33
8466 2
8467 31
8468 73
8469 22
8470 0
8471 53
8472 58
8473 21
8474 51
8475 71
8476 29
8477 73
8478 59
8479 2
8480 30
8481 58
8482 41
8483 18
8484 16
8485 58
8486 53
8487 41
8488 5
8489 41
8490 56
8491 31
8492 33
8493 32
8494 31
8495 14
8496 31
8497 38
8498 38
8499 12
8500 26
8501 6
8502 57
8503 46
8504 57
8505 55
8506 55
8507 28
8508 6
8509 28
8510 29
8511 29
8512 60
8513 51
8514 22
8515 48
8516 16
8517 53
8518 21
8519 48
8520 23
8521 46
8522 45
8523 47
8524 17
8525 47
8526 54
8527 11
8528 50
8529 47
8530 49
8531 34
8532 49
8533 22
8534 57
8535 25
8536 38
8537 30
8538 60
8539 48
8540 8
8541 45
8542 51
8543 51
8544 51
8545 0
8546 28
8547 27
8548 26
8549 68
8550 43
8551 22
8552 61
8553 21
8554 4
8555 32
8556 51
8557 21
8558 24
8559 41
8560 76
8561 30
8562 72
8563 53
8564 70
8565 7
8566 42
8567 44
8568 43
8569 6
8570 38
8571 35
8572 10
8573 13
8574 8
8575 4
8576 23
8577 60
8578 2
8579 21
8580 30
8581 0
8582 28
8583 44
8584 57
8585 58
8586 58
8587 54
8588 67
8589 7
8590 24
8591 65
8592 63
8593 43
8594 30
8595 14
8596 44
8597 30
8598 36
8599 36
8600 40
8601 37
8602 11
8603 42
8604 46
8605 0
8606 61
8607 19
8608 51
8609 25
8610 13
8611 29
8612 29
8613 31
8614 46
8615 25
8616 47
8617 47
8618 18
8619 79
8620 61
8621 44
8622 63
8623 37
8624 66
8625 10
8626 10
8627 85
8628 61
8629 8
8630 42
8631 16
8632 19
8633 16
8634 30
8635 40
8636 73
8637 12
8638 62
8639 39
8640 23
8641 32
8642 30
8643 49
8644 65
8645 13
8646 41
8647 16
8648 44
8649 43
8650 30
8651 34
8652 30
8653 2
8654 34
8655 25
8656 32
8657 21
8658 52
8659 24
8660 17
8661 22
8662 55
8663 58
8664 63
8665 36
8666 55
8667 59
8668 63
8669 65
8670 15
8671 46
8672 52
8673 68
8674 68
8675 42
8676 48
8677 61
8678 1
8679 39
8680 5
8681 57
8682 4
8683 54
8684 7
8685 18
8686 52
8687 19
8688 44
8689 57
8690 59
8691 58
8692 82
8693 68
8694 55
8695 76
8696 34
8697 69
8698 40
8699 69
8700 68
8701 19
8702 42
8703 38
8704 68
8705 9
8706 61
8707 29
8708 53
8709 9
8710 52
8711 64
8712 36
8713 59
8714 17
8715 56
8716 31
8717 47
8718 22
8719 36
8720 9
8721 40
8722 1
8723 47
8724 51
8725 67
8726 57
8727 66
8728 57
8729 79
8730 35
8731 4
8732 11
8733 42
8734 76
8735 16
8736 30
8737 5
8738 34
8739 31
8740 21
8741 10
8742 56
8743 6
8744 59
8745 21
8746 40
8747 43
8748 15
8749 37
8750 38
8751 2
8752 1
8753 35
8754 42
8755 64
8756 37
8757 78
8758 52
8759 48
8760 16
8761 23
8762 18
8763 16
8764 24
8765 35
8766 58
8767 5
8768 26
8769 39
8770 1
8771 4
8772 43
8773 39
8774 41
8775 74
8776 75
8777 39
8778 66
8779 16
8780 46
8781 48
8782 22
8783 16
8784 32
8785 13
8786 30
8787 2
8788 31
8789 81
8790 76
8791 3
8792 19
8793 55
8794 1
8795 60
8796 64
8797 50
8798 21
8799 49
8800 46
8801 37
8802 28
8803 4
8804 18
8805 44
8806 43
8807 15
8808 5
8809 19
8810 35
8811 41
8812 35
8813 10
8814 79
8815 32
8816 11
8817 84
8818 22
8819 20
8820 21
8821 55
8822 31
8823 30
8824 32
8825 55
8826 70
8827 36
8828 2
8829 39
8830 34
8831 14
8832 19
8833 54
8834 82
8835 54
8836 25
8837 50
8838 74
8839 6
8840 54
8841 33
8842 31
8843 27
8844 7
8845 74
8846 4
8847 59
8848 61
8849 44
8850 35
8851 66
8852 67
8853 64
8854 62
8855 66
8856 64
8857 35
8858 3
8859 8
8860 64
8861 69
8862 34
8863 6
8864 5
8865 49
8866 15
8867 47
8868 18
8869 56
8870 14
8871 56
8872 39
8873 42
8874 40
8875 8
8876 44
8877 41
8878 5
8879 84
8880 33
8881 74
8882 17
8883 78
8884 69
8885 81
8886 30
8887 54
8888 24
8889 31
8890 23
8891 54
8892 49
8893 5
8894 49
8895 25
8896 89
8897 38
8898 78
8899 11
8900 24
8901 35
8902 65
8903 60
8904 58
8905 25
8906 47
8907 18
8908 29
8909 27
8910 60
8911 6
8912 63
8913 41
8914 31
8915 46
8916 63
8917 11
8918 7
8919 53
8920 38
8921 14
8922 1
8923 58
8924 58
8925 19
8926 23
8927 20
8928 44
8929 63
8930 15
8931 36
8932 14
8933 12
8934 12
8935 36
8936 25
8937 5
8938 26
8939 64
8940 39
8941 7
8942 36
8943 7
8944 35
8945 43
8946 32
8947 32
8948 36
8949 38
8950 3
8951 36
8952 7
8953 53
8954 52
8955 25
8956 21
8957 16
8958 57
8959 20
8960 4
8961 66
8962 8
8963 38
8964 29
8965 19
8966 7
8967 43
8968 27
8969 40
8970 47
8971 16
8972 48
8973 45
8974 39
8975 2
8976 36
8977 20
8978 5
8979 41
8980 32
8981 14
8982 0
8983 47
8984 23
8985 37
8986 23
8987 46
8988 64
8989 3
8990 48
8991 27
8992 2
8993 27
8994 64
8995 25
8996 33
8997 31
8998 72
8999 51
9000 51
9001 54
9002 13
9003 14
9004 43
9005 43
9006 8
9007 42
9008 33
9009 20
9010 24
9011 87
9012 48
9013 88
9014 30
9015 42
9016 42
9017 5
9018 83
9019 37
9020 71
9021 45
9022 52
9023 19
9024 27
9025 57
9026 49
9027 50
9028 37
9029 37
9030 33
9031 7
9032 76
9033 58
9034 28
9035 29
9036 22
9037 62
9038 57
9039 20
9040 57
9041 58
9042 28
9043 54
9044 15
9045 19
9046 19
9047 50
9048 48
9049 52
9050 28
9051 21
9052 20
9053 38
9054 5
9055 41
9056 32
9057 71
9058 25
9059 38
9060 31
9061 13
9062 28
9063 37
9064 64
9065 63
9066 5
9067 35
9068 67
9069 45
9070 25
9071 43
9072 14
9073 32
9074 30
9075 54
9076 17
9077 72
9078 69
9079 47
9080 48
9081 79
9082 0
9083 48
9084 45
9085 29
9086 4
9087 17
9088 53
9089 7
9090 45
9091 20
9092 53
9093 0
9094 19
9095 42
9096 73
9097 55
9098 20
9099 1
9100 56
9101 89
9102 75
9103 54
9104 21
9105 14
9106 70
9107 69
9108 31
9109 9
9110 31
9111 33
9112 31
9113 21
9114 17
9115 52
9116 71
9117 15
9118 54
9119 52
9120 22
9121 21
9122 2
9123 71
9124 43
9125 25
9126 25
9127 56
9128 29
9129 42
9130 43
9131 55
9132 54
9133 66
9134 38
9135 39
9136 30
9137 51
9138 26
9139 3
9140 45
9141 70
9142 28
9143 82
9144 51
9145 69
9146 9
9147 54
9148 40
9149 29
9150 45
9151 18
9152 59
9153 27
9154 1
9155 31
9156 26
9157 64
9158 12
9159 71
9160 39
9161 10
9162 0
9163 22
9164 45
9165 84
9166 75
9167 47
9168 34
9169 12
9170 29
9171 32
9172 28
9173 30
9174 1
9175 27
9176 40
9177 8
9178 68
9179 38
9180 33
9181 12
9182 42
9183 72
9184 8
9185 25
9186 25
9187 47
9188 18
9189 39
9190 37
9191 15
9192 36
9193 31
9194 9
9195 39
9196 36
9197 2
9198 11
9199 10
9200 39
9201 69
9202 7
9203 33
9204 25
9205 35
9206 34
9207 43
9208 46
9209 63
9210 63
9211 36
9212 29
9213 21
9214 24
9215 66
9216 52
9217 44
9218 31
9219 28
9220 22
9221 29
9222 0
9223 25
9224 72
9225 76
9226 10
9227 24
9228 73
9229 11
9230 19
9231 64
9232 5
9233 12
9234 3
9235 44
9236 38
9237 21
9238 31
9239 31
9240 39
9241 18
9242 49
9243 47
9244 9
9245 61
9246 58
9247 60
9248 64
9249 19
9250 45
9251 16
9252 15
9253 30
9254 46
9255 15
9256 42
9257 32
9258 18
9259 60
9260 27
9261 55
9262 25
9263 21
9264 47
9265 12
9266 25
9267 12
9268 47
9269 43
9270 26
9271 27
9272 38
9273 8
9274 10
9275 35
9276 42
9277 5
9278 3
9279 5
9280 15
9281 36
9282 67
9283 58
9284 70
9285 48
9286 48
9287 74
9288 32
9289 51
9290 56
9291 27
9292 22
9293 83
9294 77
9295 45
9296 47
9297 27
9298 45
9299 41
9300 48
9301 46
9302 20
9303 17
9304 35
9305 6
9306 19
9307 14
9308 3
9309 46
9310 14
9311 41
9312 46
9313 48
9314 31
9315 31
9316 30
9317 64
9318 73
9319 32
9320 5
9321 58
9322 62
9323 50
9324 19
9325 89
9326 47
9327 35
9328 3
9329 9
9330 57
9331 16
9332 32
9333 42
9334 42
9335 67
9336 27
9337 56
9338 20
9339 40
9340 11
9341 15
9342 44
9343 56
9344 27
9345 46
9346 45
9347 46
9348 23
9349 62
9350 30
9351 37
9352 9
9353 44
9354 54
9355 69
9356 10
9357 36
9358 27
9359 64
9360 38
9361 10
9362 12
9363 4
9364 79
9365 35
9366 31
9367 15
9368 44
9369 34
9370 6
9371 1
9372 32
9373 58
9374 34
9375 27
9376 53
9377 61
9378 58
9379 4
9380 53
9381 2
9382 53
9383 21
9384 41
9385 4
9386 17
9387 41
9388 17
9389 42
9390 9
9391 8
9392 9
9393 46
9394 2
9395 20
9396 34
9397 0
9398 42
9399 14
9400 46
9401 12
9402 27
9403 92
9404 67
9405 31
9406 59
9407 56
9408 73
9409 73
9410 50
9411 21
9412 52
9413 29
9414 21
9415 75
9416 12
9417 44
9418 30
9419 28
9420 43
9421 30
9422 45
9423 40
9424 79
9425 9
9426 54
9427 56
9428 53
9429 22
9430 53
9431 11
9432 40
9433 18
9434 38
9435 29
9436 10
9437 63
9438 51
9439 21
9440 38
9441 70
9442 62
9443 58
9444 39
9445 37
9446 52
9447 18
9448 30
9449 50
9450 22
9451 44
9452 13
9453 6
9454 5
9455 44
9456 40
9457 53
9458 38
9459 20
9460 71
9461 10
9462 36
9463 36
9464 57
9465 24
9466 45
9467 52
9468 20
9469 5
9470 22
9471 62
9472 27
9473 56
9474 33
9475 46
9476 53
9477 52
9478 52
9479 19
9480 19
9481 49
9482 18
9483 49
9484 47
9485 46
9486 13
9487 46
9488 40
9489 46
9490 5
9491 43
9492 21
9493 14
9494 6
9495 43
9496 59
9497 0
9498 13
9499 40
9500 53
9501 65
9502 39
9503 67
9504 67
9505 41
9506 39
9507 62
9508 55
9509 24
9510 51
9511 91
9512 5
9513 44
9514 31
9515 81
9516 39
9517 63
9518 63
9519 19
9520 49
9521 23
9522 48
9523 15
9524 28
9525 25
9526 34
9527 33
9528 37
9529 6
9530 39
9531 35
9532 56
9533 27
9534 40
9535 46
9536 43
9537 44
9538 10
9539 57
9540 67
9541 67
9542 44
9543 44
9544 5
9545 13
9546 26
9547 43
9548 23
9549 47
9550 19
9551 67
9552 42
9553 65
9554 0
9555 70
9556 72
9557 66
9558 19
9559 37
9560 39
9561 30
9562 25
9563 34
9564 1
9565 70
9566 40
9567 36
9568 54
9569 41
9570 57
9571 11
9572 44
9573 18
9574 31
9575 6
9576 29
9577 31
9578 54
9579 46
9580 9
9581 28
9582 26
9583 42
9584 5
9585 37
9586 30
9587 49
9588 49
9589 45
9590 45
9591 43
9592 11
9593 18
9594 44
9595 10
9596 5
9597 14
9598 40
9599 31
9600 5
9601 62
9602 31
9603 36
9604 1
9605 34
9606 32
9607 49
9608 26
9609 34
9610 15
9611 60
9612 50
9613 79
9614 51
9615 36
9616 37
9617 31
9618 41
9619 11
9620 5
9621 44
9622 13
9623 29
9624 51
9625 22
9626 49
9627 74
9628 76
9629 30
9630 30
9631 26
9632 5
9633 63
9634 6
9635 24
9636 20
9637 47
9638 49
9639 69
9640 0
9641 61
9642 30
9643 31
9644 81
9645 9
9646 20
9647 23
9648 24
9649 56
9650 2
9651 28
9652 46
9653 59
9654 59
9655 55
9656 28
9657 57
9658 50
9659 40
9660 16
9661 31
9662 42
9663 43
9664 35
9665 37
9666 19
9667 53
9668 26
9669 15
9670 53
9671 51
9672 41
9673 40
9674 43
9675 51
9676 54
9677 65
9678 3
9679 60
9680 55
9681 54
9682 54
9683 40
9684 70
9685 68
9686 18
9687 37
9688 61
9689 61
9690 47
9691 16
9692 23
9693 43
9694 8
9695 43
9696 38
9697 50
9698 3
9699 61
9700 47
9701 59
9702 10
9703 50
9704 52
9705 0
9706 20
9707 38
9708 35
9709 4
9710 27
9711 28
9712 33
9713 49
9714 10
9715 25
9716 31
9717 18
9718 44
9719 41
9720 63
9721 29
9722 30
9723 19
9724 41
9725 40
9726 40
9727 33
9728 30
9729 25
9730 58
9731 27
9732 28
9733 19
9734 59
9735 49
9736 49
9737 16
9738 74
9739 72
9740 49
9741 14
9742 14
9743 57
9744 33
9745 8
9746 28
9747 78
9748 11
9749 43
9750 43
9751 40
9752 9
9753 11
9754 52
9755 18
9756 55
9757 51
9758 30
9759 55
9760 66
9761 44
9762 19
9763 25
9764 36
9765 4
9766 42
9767 41
9768 55
9769 50
9770 36
9771 13
9772 36
9773 44
9774 26
9775 71
9776 31
9777 70
9778 36
9779 35
9780 70
9781 74
9782 9
9783 14
9784 42
9785 18
9786 29
9787 39
9788 53
9789 42
9790 16
9791 44
9792 27
9793 16
9794 28
9795 43
9796 86
9797 58
9798 27
9799 26
9800 85
9801 47
9802 46
9803 14
9804 41
9805 67
9806 28
9807 52
9808 41
9809 57
9810 59
9811 58
9812 37
9813 22
9814 37
9815 43
9816 43
9817 35
9818 5
9819 19
9820 62
9821 38
9822 37
9823 65
9824 58
9825 55
9826 66
9827 29
9828 28
9829 2
9830 41
9831 50
9832 11
9833 28
9834 51
9835 59
9836 3
9837 27
9838 29
9839 33
9840 22
9841 21
9842 58
9843 48
9844 15
9845 52
9846 48
9847 70
9848 84
9849 77
9850 66
9851 10
9852 60
9853 66
9854 35
9855 36
9856 66
9857 58
9858 10
9859 24
9860 82
9861 2
9862 36
9863 35
9864 10
9865 2
9866 48
9867 25
9868 13
9869 46
9870 46
9871 17
9872 21
9873 17
9874 34
9875 0
9876 20
9877 36
9878 9
9879 4
9880 35
9881 23
9882 15
9883 22
9884 70
9885 62
9886 20
9887 62
9888 67
9889 53
9890 6
9891 54
9892 33
9893 28
9894 69
9895 15
9896 46
9897 14
9898 22
9899 51
9900 54
9901 57
9902 32
9903 59
9904 58
9905 62
9906 64
9907 63
9908 30
9909 32
9910 33
9911 32
9912 52
9913 28
9914 53
9915 52
9916 61
9917 63
9918 51
9919 15
9920 19
9921 23
9922 44
9923 21
9924 1
9925 8
9926 53
9927 69
9928 67
9929 43
9930 3
9931 43
9932 25
9933 90
9934 78
9935 18
9936 77
9937 45
9938 29
9939 26
9940 46
9941 61
9942 16
9943 68
9944 69
9945 48
9946 50
9947 21
9948 21
9949 1
9950 64
9951 18
9952 51
9953 11
9954 25
9955 51
9956 42
9957 91
9958 6
9959 70
9960 6
9961 46
9962 10
9963 23
9964 32
9965 7
9966 18
9967 3
9968 74
9969 30
9970 41
9971 9
9972 4
9973 38
9974 72
9975 66
9976 12
9977 28
9978 25
9979 6
9980 63
9981 11
9982 53
9983 21
9984 57
9985 25
9986 16
9987 50
9988 52
9989 0
9990 72
9991 42
9992 37
9993 3
9994 11
9995 8
9996 41
9997 40
9998 6
9999 41
