3146 9354 
6421 7404 
537 2749 7533 
3678 3091 9585 8832 8290 3867 1233 8393 5584 5521 2183 1988 5682 6341 3641 3004 730 5469 8788 2881 
7105 276 884 6980 
3487 5224 
1708 1037 6760 651 
214 9692 5571 2806 5009 4293 
7077 9932 7541 
695 6732 
1983 8541 6392 7695 726 3270 5635 4295 
2508 4134 
9508 
8556 2705 8062 4057 6919 1082 3976 9896 1211 3899 529 9915 7522 3088 9336 5365 4560 3875 6572 8080 1430 109 4813 3987 140 4881 1368 2141 6033 2927 8212 3873 6970 106 5320 4929 9513 8774 6838 8830 7582 1766 4349 5288 3572 6940 5838 4308 8222 4465 2105 1120 1730 5075 9869 9134 4492 4689 1367 3260 5295 7540 7717 9872 8913 8287 3446 7262 4970 7643 6654 7635 5333 5802 3437 215 6180 6340 3570 6246 1217 5172 4892 7837 6128 9357 9368 6658 6327 9929 9338 8428 3457 8907 6230 682 9798 9295 6093 7264 6129 4375 5765 1068 8517 6172 1284 502 6521 3611 9674 8939 2657 929 9055 8951 8487 812 6845 120 8031 4108 2920 3936 7296 9728 2271 482 3229 2680 7135 8561 349 5247 505 7032 8231 4218 9103 5060 459 677 8842 8511 9414 887 8069 6334 2515 1435 1659 8970 9016 4562 8091 9142 9264 920 5047 2526 9094 5278 1286 2496 5432 826 6099 1072 2471 5540 9326 786 705 6273 6184 7640 1617 5938 3546 8448 3313 3467 5896 9723 3686 1805 1679 2124 9005 6827 285 5846 9621 66 8758 5759 2399 5840 3297 5014 7436 7378 9108 3897 3472 5039 2129 2635 1950 9434 7990 7608 8015 1675 985 9862 4273 1256 2862 4065 7500 8028 2772 1910 7716 9649 6038 5315 4394 2824 7857 5163 4886 1818 4068 7721 6279 2923 5230 7012 5579 6227 7913 8241 6816 1707 7594 798 2294 2889 4164 7871 8480 5482 5472 2066 8168 4638 5566 8656 73 6131 5223 9522 3349 4411 4517 5256 7956 3746 1840 6021 6769 9476 4941 3803 5795 7683 3414 9128 9988 9946 2971 927 8233 7036 6893 9514 5033 7530 2402 7022 171 3638 5214 6134 3543 8815 7789 5549 4389 4242 1160 5195 2275 228 1118 6383 3656 7673 997 8967 851 4620 3958 3171 7570 7681 2627 3823 8724 7281 4676 2140 5546 808 3074 7176 6987 8544 1924 4152 5934 7551 9046 2668 6376 5581 1188 9160 3757 1166 6813 6264 3306 6473 6552 8359 8799 9843 2100 4280 8460 3922 1140 3151 6607 6231 5367 9192 1076 7 6323 8250 821 4869 5366 4003 1751 5177 5741 4890 316 9526 7691 5958 5658 6582 5190 4885 9863 779 8701 9276 5503 183 3740 4030 5458 4130 5976 7137 1865 4553 7975 4205 8827 3117 815 4468 1723 7902 4586 5378 3781 5360 752 1312 4967 4020 6024 8483 6714 3628 7569 157 3122 9138 5370 7844 4094 9815 8663 2439 2630 2146 6371 6565 5373 6861 6837 3782 8529 8224 1439 2417 2149 4699 6526 7117 5940 6018 9711 480 4064 4386 4497 1797 628 2814 4966 9207 7079 9594 6348 495 3337 1364 8655 6235 1989 8571 2298 4698 8152 3690 5670 882 2987 8437 2 9421 6945 8075 4975 2456 153 75 980 9249 5606 917 729 9839 4363 3475 89 3739 2613 770 6570 5997 3878 6094 4192 2082 6353 7883 870 4069 167 486 4609 6283 735 7221 5254 6535 40 3525 2297 2075 9153 2153 8273 3305 9314 7054 428 5936 320 8977 4780 7907 1641 3802 1829 1440 9243 1224 8555 791 3858 4557 4837 9345 8604 4015 3084 7351 405 4764 7222 8424 5405 4240 2008 7602 6465 2786 4922 5979 3114 6290 7122 9577 1867 5987 8609 7193 9606 1916 9360 6220 7811 6237 4997 2327 4958 968 7572 9671 311 9567 5779 8360 458 5600 3828 5745 7011 1099 8579 2319 3895 7204 9693 6183 7798 2823 2288 3175 7882 6936 7443 7452 2995 8153 3203 5845 738 6927 2795 1116 4077 1421 6046 
8082 5522 3198 
3181 3639 9149 9465 
1835 9482 
6702 
8935 8391 5136 
6729 8265 3669 3332 1948 1583 8691 3834 3292 2215 7908 421 2669 5217 5094 59 385 6903 7817 
2495 
816 4132 5478 
6331 4784 8242 3195 8671 125 7257 7418 
2374 6407 2217 3206 2602 9480 2103 6423 8822 6239 9440 572 
6883 7013 8531 8147 4887 3318 4747 5502 9398 4128 7091 3308 728 5219 441 7202 1498 8162 528 3100 4456 8465 5452 7234 4926 2441 216 4414 9448 2518 5034 8800 5525 4436 508 6817 2218 1394 9757 5153 6809 4160 5398 5909 7545 9727 8857 5943 4874 5576 198 4127 9445 2872 2820 4661 9630 7688 9026 3911 6310 6551 3850 9506 7059 2513 4098 4606 7432 4615 3465 9028 8003 9217 3716 9157 3845 3747 9510 2893 9039 5768 3470 3653 924 6342 616 4564 5602 1316 5101 1894 4412 8389 1711 5178 6929 9484 9625 8928 3474 9112 281 5496 2524 1184 3167 1108 1164 6110 6976 8215 4153 315 8213 6733 8726 7780 4859 8969 2411 5434 4585 1103 3606 8218 4203 35 3307 1485 6559 5541 4184 2184 8356 3658 8710 3826 8965 6156 6447 5883 1800 2728 1597 1104 2572 1172 9195 5162 5097 9369 9834 2507 2382 2941 3051 1077 1561 8039 5953 2139 2120 3590 8146 7355 6684 3078 5065 1625 3753 4660 9607 5928 6781 1705 1458 2782 3293 9966 1110 2321 9681 1972 6974 9302 496 7974 4345 5902 8628 1974 7854 3779 951 7260 1834 2585 7258 4631 7637 9715 2420 9132 
3300 7972 9787 6791 
9337 6628 7379 1841 3941 5300 3981 8014 5017 1793 5590 451 9997 6096 
8718 845 5088 5343 
9778 764 5983 
7859 4963 465 5874 9891 9185 3483 4494 3699 
4909 5777 7152 4769 5052 55 8812 7245 9665 4600 6079 3427 2356 3688 3832 9588 
3062 
7631 6704 6314 2239 44 6759 6772 4691 2226 9880 1568 3131 6836 1239 8940 9731 
3276 2674 
2982 5582 9126 3104 1749 5149 8558 5462 7808 2131 3548 5986 2306 2521 1350 6956 
3552 9140 5140 317 
5323 6189 473 6673 2801 5872 693 7256 8421 5255 2169 5678 9253 4253 5326 5371 7230 9535 7664 442 2308 2609 2304 541 4932 6422 4710 9817 5736 4258 4182 4434 4556 6916 534 122 683 6045 714 5751 8954 3605 7093 8915 741 
2691 
9327 5830 3135 8297 5117 5808 1093 7209 
4583 2997 
3952 7312 8275 
9518 9402 3900 
1355 1425 
6631 7806 5417 8053 2710 5519 5454 152 3901 205 3743 1022 8189 1381 660 
803 8491 4989 5262 3673 
6815 9659 
1096 9920 7364 9420 1427 184 
2992 
2414 
3554 1692 3223 7468 
865 9598 9945 9259 7062 9313 1397 1307 5817 
9549 9667 2514 5977 8963 6677 990 9306 5811 4272 7701 5939 2372 7639 4383 1993 8809 2969 1369 357 2752 2252 1262 5497 8444 7416 2191 9372 3053 1662 3827 6071 7578 6495 936 5597 7268 5922 5215 1179 8150 4195 731 6125 2536 5812 4759 9186 7389 658 6262 5221 2143 2503 9316 713 9400 9893 3726 6412 993 8613 6309 2505 4806 9773 670 2165 4076 4534 4147 2807 5338 6171 9935 4873 7020 9810 8849 79 7480 8330 1078 6315 
3008 1085 1300 
9827 2867 8938 4297 78 6554 2523 1045 
1734 4527 749 3840 4066 
6675 3770 3925 7365 7678 2958 8659 5975 8607 6472 9985 8207 196 7076 7063 7629 5710 5756 5282 6081 4422 3143 5847 5183 1564 8946 9982 286 6343 7136 7942 1992 4499 137 4294 4719 2387 4426 5725 
8378 5863 7687 132 6601 3825 7642 6357 4210 
9668 5900 7983 3102 2338 5312 754 1128 3106 6011 5864 9135 5959 9534 7891 9794 1236 1925 3929 5207 5098 3940 4084 6159 1549 7568 1294 2542 9910 9268 8112 1586 3010 9238 5348 7998 9616 8872 1507 7923 5992 3020 9004 2845 1557 9473 9090 3945 5721 1407 4690 9706 8728 1631 9749 
7770 5778 
2640 801 1303 4112 4102 8892 9111 3377 4903 9176 5020 1958 7759 3573 7437 9561 195 5568 4808 9682 1352 2504 9870 2483 5239 5535 1095 242 888 4407 8336 193 2619 8972 2522 3594 8455 9784 8894 3502 3556 4949 1049 5349 3896 6321 6296 4509 9816 1922 5908 1063 601 6455 8214 8888 9084 1683 7739 9579 3329 5419 6681 3450 9661 2712 9673 7571 5359 9376 2698 9546 2019 4743 8548 3676 2235 1280 2839 7916 959 302 6744 8120 4704 1020 7108 7341 5806 9227 7094 8811 6201 2465 3749 5612 5912 3039 6025 9581 4442 2010 8380 7215 2550 9333 237 7479 9913 6767 3766 2768 8274 4840 5542 2645 452 1686 868 7481 8052 4491 6525 7289 235 8008 4946 5233 9271 4044 5911 6553 4063 9808 8291 7261 1700 1065 1510 6505 6436 8458 101 7375 6973 7600 4918 3310 8601 4453 4954 1656 5201 5667 1658 5709 7486 8430 2478 1112 7536 740 121 1975 413 9382 9537 4803 584 7070 1357 6306 9926 4131 3277 3211 2085 6642 8723 621 8125 3598 6338 2945 8702 8322 5332 1324 2314 6683 1317 6268 1522 9892 5490 4079 1852 7236 2834 4604 7856 2709 
8116 3160 8108 3042 7323 7749 5467 
5199 2268 2798 
1727 1119 1715 8371 8305 2667 9254 5592 4167 7109 481 3324 6349 5828 1726 6281 1976 372 7149 6396 8227 2700 3128 7920 9173 9527 2477 3859 4827 5882 7507 9304 1004 
5718 5826 
7671 155 6792 4189 7271 4206 5871 
5515 1321 4593 6796 
2486 8494 
9689 7869 4089 
1174 7660 135 9060 631 5241 1699 4262 
2781 2929 
4133 492 304 9743 
690 
211 5375 
6966 8261 
7307 5006 9319 1150 
4850 1207 
3169 4199 5855 7064 
6864 6070 
206 5669 2690 4531 3384 3694 
1081 2121 4713 
1468 8596 3121 8246 
5204 2201 2919 9080 7515 2641 1763 3961 6700 4247 6347 8716 4624 5154 7595 8873 6782 7048 5271 6298 8289 7755 
7384 7250 1755 3405 7881 4635 6997 9351 4666 
1814 1545 9069 
4338 6286 1784 
2811 4469 574 
9903 6872 9792 926 65 3391 4729 8478 9736 
9822 3226 6969 1714 
8185 8953 7392 1107 9664 
4207 9489 7601 4590 
1472 
4542 
4727 976 6375 
5931 6770 3587 8226 772 6303 5738 7995 1825 
908 6335 
5919 6144 9323 5374 782 4479 3862 9171 6060 4748 2540 2371 2147 
6824 
6892 
7157 
6288 2930 6950 9062 
7328 4052 
5804 3877 883 1744 5821 6787 8434 5689 1500 4601 1682 3366 8764 1812 1626 9389 1411 9700 8184 9631 5644 9250 9828 4475 1419 3933 5463 1398 3453 6501 9502 9754 3083 6985 1126 274 3780 5622 4943 520 9795 6679 4642 6329 3617 1771 1907 6325 7800 6503 7184 1775 6202 8777 9729 8012 7756 7406 5108 
2981 4528 7207 9079 6802 7153 2666 8098 1061 535 9587 5507 5742 2755 2438 753 8102 5941 
9467 2735 
1101 4511 5960 5280 8270 5527 1231 3209 8271 9285 1736 249 8765 5557 1346 9802 1937 6163 4804 1872 8688 3003 1836 8521 9423 9315 2320 384 
7005 5885 4728 2349 1154 7630 9939 1878 7473 4696 8373 9346 8425 1577 4095 2112 5024 5775 5727 3722 
2751 8793 5593 5400 
7353 4682 8900 2936 5735 8746 5533 6454 1575 8436 9450 7311 9987 7748 8035 4723 4772 4201 6692 610 9637 7543 2924 9488 3348 418 613 7649 2062 9776 6621 3099 2634 7490 6278 2802 5381 1269 9954 7644 1442 3398 259 611 4117 6941 9725 1073 7056 386 4716 8160 3123 2993 6425 680 381 6875 7566 6545 9288 
7852 3880 2497 
2854 6488 7244 4113 8370 5392 8155 3648 1391 3986 6934 
4099 8010 
4483 3772 1560 18 8630 255 3855 1687 3589 7042 3640 2315 7427 5111 6806 1267 9137 7088 1462 1887 5306 9807 7467 9855 1721 9722 9938 8553 4451 9256 7719 3965 3282 9708 3557 2168 526 7613 5428 6051 7955 4971 5106 4370 9786 36 3702 1304 8818 4266 823 7242 7574 8500 8550 3904 1183 6693 867 9208 9419 3359 5225 
8985 5394 974 6456 2182 922 989 1291 4865 8023 1028 7734 3242 1742 4819 3452 8073 6017 5966 5910 7553 9130 8076 3079 9704 1344 3098 3036 224 
4643 5324 
3442 
6653 9377 4303 
161 2894 1091 4004 
5707 1639 3514 9430 
3926 8364 1190 
689 620 4444 
9212 4974 1088 8243 9991 5803 5041 6549 1479 6811 8348 8339 7449 1074 4204 8329 6857 7591 1725 6595 2744 4169 4686 6179 1963 7525 1362 
3624 7581 
5616 
6429 
3750 7460 5355 6879 9098 3566 9833 7565 3731 447 4270 1676 
8119 9624 9470 3671 2006 1389 3433 
9652 7401 3815 5131 6578 563 8587 119 4420 3155 7403 3539 9172 8756 3623 8497 9846 787 
1131 1606 3491 5377 
1947 360 
9384 5761 7919 
2487 318 6197 9629 9048 3225 1873 6898 509 1516 6797 5829 8643 4841 4408 2279 
5851 7345 2796 1584 
4995 6567 3089 2915 
2148 995 9841 1403 8258 1853 7567 9050 5631 1194 6213 9353 2892 1354 4639 9646 21 8993 1933 8096 3056 6489 7225 4863 2939 1290 8782 2328 9866 2637 4758 9281 6285 7779 7539 9289 719 1326 7309 7742 9662 7191 5334 8926 7562 7665 2309 6460 4580 8342 8267 8533 4377 894 6434 8007 406 8542 4697 9509 8496 270 6624 8974 9051 2266 8567 7529 3932 9221 2558 3906 4100 5311 3909 3363 9687 1002 6823 8187 569 192 2570 9063 7367 4311 9121 243 8514 673 3893 1264 5076 6588 8163 1193 1684 9410 8850 2662 5012 2976 4555 3375 6762 6266 8457 97 7797 6022 609 2207 4724 4523 3237 9572 8931 8333 3905 8740 9642 4782 6452 5706 3070 
707 2188 7147 5270 9203 
956 
6480 506 8987 2357 
2305 4549 7855 
7474 4361 2687 6963 3508 7034 
0 2535 3052 6387 4105 9239 
1328 
4919 3717 6075 19 
4404 6924 
5526 7791 9492 5198 2707 6669 83 
9150 7162 
4096 
6406 982 721 2118 2353 187 1018 2176 
2938 6711 5739 8786 8959 895 6697 9626 166 5283 
2307 9483 6617 4286 7814 8157 9422 8327 8772 7526 2953 5435 5996 
8088 9724 4013 4632 1883 8249 4449 3586 
9417 5545 2853 1526 4259 382 8308 9813 5118 8837 5387 
1475 2473 7028 3408 9772 1404 4378 6783 7573 
5475 7067 8089 7979 7081 5415 4391 9405 165 9206 7373 1422 5407 9127 9375 2076 4665 5657 4500 1436 9332 2457 5895 1846 5760 1084 5160 6356 8234 1451 5155 6119 9500 8507 2704 6284 9496 298 7754 1667 794 8805 8696 8206 7896 8254 5596 3218 6585 4371 1855 7318 364 8515 7758 1277 8958 7181 4025 6691 7120 3662 9216 4400 4495 7519 7150 275 194 5961 9027 4355 8825 8652 4857 3341 1882 8000 1169 2961 6082 6162 2665 5286 1322 6282 8281 9922 8620 6730 9955 8570 3983 60 6413 6036 5822 6785 3205 2581 7145 4354 3166 6961 7689 9576 4428 4302 2964 7667 6391 7025 4480 1038 5489 799 8230 6914 1100 487 6686 3763 9688 8067 9799 2211 5574 7890 7277 394 4757 8255 6402 1718 387 5933 3434 9071 9481 1311 7160 5555 8058 6095 2460 2166 4679 4537 2413 9899 4898 890 9937 158 5615 471 4694 7809 3480 402 3657 4607 1842 8990 9339 33 5659 8919 2615 3674 4373 1926 9726 2708 3846 2789 3067 9921 4118 3500 1587 4162 7154 3833 3400 7832 2038 8469 1767 2985 1610 4437 5510 2873 6176 8991 435 5547 5115 1663 4790 7344 2639 3544 6931 5994 5774 6598 9825 8055 4016 2784 4825 1482 647 1971 9083 7132 395 3577 1811 4731 7361 2442 6222 8717 5719 4744 8236 3394 9830 4815 8662 362 2175 1261 8806 9136 6665 2059 2432 8449 758 2260 9120 4241 162 7417 3810 7322 3257 9309 8019 6388 4913 8016 6055 8280 3703 7785 8949 9609 1229 6319 8611 4893 8026 3616 4705 4058 2083 3917 5993 8947 7693 4487 6618 3463 3964 280 5249 6032 5856 238 6449 1270 6705 3199 5844 2866 688 5437 5100 8819 8654 1747 7504 2199 68 7841 1171 8593 8591 7860 9322 3439 4122 4715 1680 9902 8475 2123 1499 8169 6047 4439 7200 1305 2379 5843 2901 4880 6952 5354 6232 6458 3428 858 1034 9286 5139 1139 6145 8486 4319 9224 8689 4496 8657 3080 6002 1612 524 7172 3243 4864 2018 1377 8453 3111 8712 8284 2344 1828 5072 6955 3595 7119 7663 7000 6964 9155 8999 8642 5042 5130 104 6894 8006 2988 9342 4559 9052 4836 9485 8090 1881 8407 1628 1252 6428 9658 8399 6336 3652 1149 9801 5642 2228 7229 6967 4140 630 6814 4783 8492 1279 7463 5903 9901 8820 3435 6275 2685 9147 5816 414 5308 3299 9779 6476 3876 1817 7113 5340 5099 2313 4627 9614 8824 5451 2251 8910 4854 176 6912 3990 2764 3233 5121 6369 2532 7984 4741 8038 3504 4307 1168 7707 1832 2031 1464 7801 6114 223 3663 923 2111 7265 6337 7900 8835 8936 6497 5932 3409 5313 939 67 8906 6573 6137 7697 1994 9963 1254 6448 4625 2538 8739 8614 8481 9712 7558 853 7876 9680 146 4186 3371 5246 8402 6576 9474 3835 5929 2628 5063 7776 5492 712 420 4031 1741 7988 4291 7298 4722 6633 8546 118 5604 2500 3584 6635 681 3204 2629 3971 1900 5913 424 2525 8823 2614 4634 8504 8708 9591 6199 7402 9119 3152 2476 911 9821 2048 9883 6900 8159 8137 8423 3462 8539 5129 6443 6821 2205 7169 8138 4144 1671 1515 3553 5191 5358 9235 1050 9096 9647 6550 4310 604 1537 1802 3710 4795 5713 2594 9675 5860 3283 4343 8639 2719 9950 6828 863 6112 5926 2109 4073 9246 1622 3681 1898 7498 5886 3784 3015 8117 4520 8887 3069 7662 3334 5781 15 745 7960 4212 2677 5029 8675 4563 236 5363 7743 2940 7387 4998 9058 5141 9842 1293 9751 886 7725 3521 9475 8439 2952 288 5633 3268 7049 3799 2259 8413 4443 7186 9428 7555 6373 107 1249 169 2748 6444 7419 5095 2434 5086 6619 7224 3388 4474 5077 6014 3459 4331 3253 6001 1860 3666 4720 170 8707 1090 284 6694 4282 5676 354 7203 6504 5850 9393 4636 698 4765 4774 1011 9657 6390 6610 4551 3712 1416 2574 8891 6560 7368 5487 3856 6362 7641 3943 5382 4554 314 2130 6063 8895 6242 3794 6243 8635 3841 3619 2393 2849 5537 820 2775 8784 8341 2068 6699 7675 3682 3535 440 1645 342 9358 8568 8945 9412 7115 9167 2444 1555 401 6065 8269 3103 3924 2180 5989 6668 389 4582 2994 5393 7164 2177 4257 9299 476 9007 3416 3411 8178 8223 5127 1454 9611 4978 1371 1927 5524 7455 5425 3871 4770 5237 7243 17 6168 6270 3915 2229 570 8345 5205 5700 3000 6646 1782 9380 4229 6408 265 6244 4445 2026 6660 7409 1400 8672 4505 9095 6364 2330 4392 1762 6328 6029 4002 1491 4260 7761 4959 7195 6210 4433 7843 3800 4362 2449 7684 2475 341 7110 9100 1258 4649 8621 1660 2576 4033 4038 3011 8384 9583 22 1595 8441 4851 9263 8742 4243 3014 147 9334 7430 3236 7520 448 3385 8286 9204 6441 625 8017 9471 561 607 510 3706 2222 6073 2863 7488 1866 523 8295 3870 7485 2622 7729 4581 9247 4358 8649 2254 8429 7057 9740 1848 4478 9148 4317 2717 4988 9560 9290 6710 9437 6627 7007 5570 6486 4357 2686 1003 1596 9455 353 9001 2488 6291 2780 7538 2293 4980 6842 5530 2022 8459 9852 7134 6519 4842 331 1880 1040 3695 470 4821 3217 8597 7494 2443 514 9145 9615 6410 2264 9033 1713 6602 9245 6909 6949 3138 9129 4788 9193 4965 7768 5638 8580 5715 8997 7887 9738 5356 93 6418 9961 4777 2895 6111 453 9931 6381 5464 3060 1146 126 2880 6372 7886 952 1905 1449 3853 7386 5269 4902 940 7324 8608 7647 9847 7433 2871 7861 9022 9458 2385 3424 5799 6876 4250 2451 6637 8149 27 8204 9449 3372 5112 233 2547 4513 8905 6161 8683 5500 9019 5174 3903 5640 7174 5776 8358 3660 6464 8072 1978 9788 2769 1196 5501 9260 2673 6863 6241 6037 3620 8181 4532 7317 9767 877 1064 5758 1109 6518 9530 9411 5389 8113 5688 9056 8523 6643 4969 3068 9732 6211 309 6087 7727 672 5789 1844 6848 928 542 6869 310 8860 5 254 4572 4092 4907 9438 2818 2607 2158 9684 464 6833 6056 4359 5675 4402 4225 7327 2194 2656 5003 3285 5459 6680 
3701 9774 6151 501 466 2197 9746 9463 5690 163 6672 8081 8036 2580 1006 4029 9000 2636 1265 7097 7795 4962 3791 4289 
62 2000 6061 9548 532 6316 1067 6260 5564 852 5974 5453 455 7587 3670 8996 6855 1981 2582 5641 3482 5202 3600 3601 8520 4906 5103 9426 2601 9472 8454 2024 6867 
7506 1388 9840 5347 
4709 8865 4232 
130 5627 
9283 6805 7607 
9266 5744 2450 2857 7383 548 5505 547 3752 6248 
8518 1712 7820 7306 
3647 
2846 9697 9275 1566 2375 9269 9211 5930 7965 1760 7206 3224 930 6944 8968 
5232 
2198 6409 9457 4484 9418 7501 4256 6186 3979 2429 7589 6377 6508 5208 7557 675 1619 
836 2202 7478 7201 2240 9009 3801 2877 2821 9761 590 4299 1281 9182 2230 5697 7450 7425 6630 2037 6207 8352 662 6540 6177 7847 6803 
5142 8355 3960 
8235 7724 2396 1789 5484 6901 1175 4921 9992 6265 1237 5629 2856 3147 5438 1039 643 8980 1272 5550 7050 43 1781 4459 3173 6988 8040 462 2452 8161 3327 6935 3227 3278 8340 8354 3560 1788 9296 9466 380 9876 6676 111 1752 7442 9582 8640 8209 3202 3838 4712 8361 7976 775 3574 1200 1636 710 2332 9104 9568 3484 2644 9763 7440 3551 7744 7238 6317 7001 6240 1693 811 2446 8733 2841 7227 7295 2968 6350 1026 9446 1053 6886 25 671 7892 4060 
5598 2234 5192 642 3272 7938 5110 841 3350 
3281 3183 85 9168 4135 2765 784 
8713 9495 5743 3230 9012 5729 4403 
7482 3402 4239 
4385 9569 8493 
9734 9462 7167 1106 
6563 2906 9374 
8994 7612 8513 3046 
6188 4125 4198 
9163 4828 
1806 9092 9330 6541 4616 9041 9633 4915 9223 2448 1826 3771 1982 1079 2011 5646 9491 1075 7655 6906 8847 5073 2369 2301 4 5228 1640 3187 8690 7935 500 8577 5011 9941 9487 1331 2799 
6757 639 
2050 8769 6761 7609 8750 5226 9643 
9213 5823 5921 8955 8247 3055 6666 3995 
3680 1176 479 2395 3108 4423 8753 3907 5762 3196 5473 9996 7559 6224 6794 4687 3346 8509 7388 
7712 750 
3768 7269 9574 6776 6971 4536 2692 3736 1710 4940 6010 2250 3294 1409 9210 1340 2672 5337 
6358 2333 4575 7118 2144 6078 7971 6979 7061 5456 8307 8537 860 5677 2324 4547 5511 676 112 477 5623 4876 1580 3795 252 9406 3790 1946 1779 4848 7618 5814 945 1335 5543 9914 
6843 3164 2716 6256 6991 2618 8482 2189 4533 4461 2794 8059 6594 1299 6638 4053 3399 9618 5096 634 8973 2697 7263 9983 9043 2840 4301 3610 7622 3316 8105 9605 1893 1570 2014 90 1051 796 7421 6399 8377 5601 2070 4736 7970 7041 
6205 1395 2560 3796 
7792 7821 3563 5787 2004 7610 
9850 
1143 4637 1027 1241 9586 3081 5504 5180 2785 873 1338 7017 5595 3928 6723 2778 227 8615 8238 8253 8559 4706 1737 4490 9695 2102 2684 9578 4441 2407 5984 8397 8139 
7308 8366 5171 5067 8106 2770 1799 4284 9590 9837 1297 6132 271 7451 2232 5158 5416 5788 6299 8087 3358 9589 8908 5927 1158 4470 5881 1219 7940 7356 129 3821 9097 1471 7348 3869 9653 6946 577 8721 3507 5426 3197 938 4023 5575 9291 2039 636 7521 1137 720 4039 4831 1412 6715 3085 7360 7686 3150 8288 8192 3392 8489 942 6854 1195 3939 2326 8173 6930 503 313 2696 5023 1378 8843 4129 6289 8165 4578 5322 3451 4602 2173 5276 9456 2278 4812 
6255 783 6647 8313 7177 4315 6798 7918 
822 5045 4080 8326 9220 6228 9648 2117 8252 6498 9999 7941 2125 8013 2405 279 7349 2991 6784 5116 6887 9718 6397 8590 8927 5643 4390 3403 2408 9716 9521 7599 9898 3271 1748 3992 2491 1634 861 
5538 981 5645 
875 2435 
1380 2400 2555 1770 4591 1914 885 5516 246 9703 5266 6355 9566 144 
7511 4598 9884 1938 5942 1778 4714 2054 2041 4588 3073 6363 1282 3284 7880 8385 
2975 8874 
4726 3767 7794 1385 177 6984 4597 944 5720 
2675 1330 8634 6612 
7634 8037 9348 
817 
2875 4473 4339 3996 9311 2479 9477 5867 8616 5022 5791 5032 7497 2323 2179 5890 7031 9769 9214 9218 2410 4249 6193 8128 8821 4351 5258 4405 3057 7503 5626 8167 6249 4300 9812 4870 3698 5892 2342 7445 4120 4380 1246 5951 4215 1025 9378 8598 5588 5618 2827 8646 7875 3597 4725 7802 9300 9432 5671 9262 6749 2592 6150 7395 7044 5316 2918 3744 
498 2541 2104 
8986 3351 7010 6724 99 6133 996 739 7615 9118 5302 
7472 393 7823 9547 334 4329 2286 8002 
8251 
4651 397 8237 272 3320 3505 2316 327 2133 4304 9874 1508 
2042 
4818 6641 1839 2962 
6750 8068 3126 6764 3269 8498 1875 8099 1469 5916 
5465 1849 9918 7514 4662 2832 3842 6989 8268 8045 5304 7198 622 9366 1652 4866 7828 1298 1539 6346 7967 6451 7188 8956 7129 2151 5853 5591 3816 5818 8409 7583 2142 8199 8256 8781 6019 1023 4752 1701 2409 
8314 1418 8419 3511 4429 9359 878 6475 4416 149 266 8 9756 1813 
4507 
6685 984 7438 
8773 5523 
1396 2826 5861 5955 431 9804 7611 7339 5446 3119 7138 
173 7333 6604 328 4670 9690 1629 2242 6380 3251 2161 1920 8239 1513 3420 4323 
9196 7705 918 3094 108 396 5782 1980 6352 8536 5717 5245 8648 1426 9970 
1008 3037 
8855 5784 9065 552 3335 9073 5639 1199 5548 7752 7457 5212 
4628 
8191 1259 1013 3831 9429 5653 1940 
5998 9886 4214 5053 7283 4668 6574 9520 8077 5025 2339 2389 8797 7523 5339 391 2563 4889 6468 474 7130 7825 5260 2983 1884 3761 6135 2946 1223 9209 1532 9707 7140 734 9612 8522 6856 8880 9312 
9826 351 3668 7278 7337 2064 3581 6121 5517 1098 3118 7178 1221 2577 1533 5445 8530 5834 2812 5904 6104 2096 30 4853 6092 7004 4090 876 4571 8447 6440 6393 3956 
9236 7078 3136 7863 
7326 
8032 3809 9559 2359 1228 8398 5234 8909 4521 
7930 
6487 7074 833 46 2343 3477 1602 1912 1329 1044 5007 7441 6003 1441 2663 6841 6590 3093 687 9395 9365 2241 8676 9110 1638 5630 5420 6626 1732 8738 4908 5147 8576 6012 2098 5862 3354 5520 1260 8111 38 1271 8114 4834 9270 2527 1117 7218 715 7616 1465 8132 7002 9859 6566 9912 6426 8801 6667 2274 2730 9205 2904 9237 7508 1534 2257 3962 9091 1672 
8810 7180 814 2265 1594 5714 483 3431 250 8914 9257 1323 2885 6727 7849 2366 4916 
2347 916 4623 
6577 
2643 6722 5188 
9053 7650 7374 
366 6636 8388 4771 2256 788 6939 7183 5038 4633 7114 1511 2960 6703 1661 4860 5807 8085 7422 2756 96 6739 6080 5049 7870 8802 6446 9240 82 8964 
633 
8456 8862 4159 
3625 789 6386 6926 4372 8318 8719 2745 5303 971 8563 8467 6300 2376 
9350 
4984 9540 8357 2762 3210 7210 8886 4174 3309 3383 6433 4091 3672 7491 3176 7804 1651 9407 6043 7226 2844 2702 7016 8836 8473 7509 5089 
3041 3759 7732 
1177 8901 2822 606 6181 333 5388 4333 4810 7775 2931 7685 
5413 2035 6467 5442 
3286 
251 7549 2397 3980 2933 9396 5001 3016 7158 9617 4817 8104 2861 8452 7377 3133 9923 7023 58 6771 5124 8661 5040 5229 9152 1495 638 9570 7815 5790 9200 7006 3347 9029 6943 3540 583 5403 2902 6895 2589 6804 5578 4640 1935 7493 5679 
336 3028 3847 
7159 6126 6847 5002 3228 9973 
874 7340 8200 4938 5534 8948 692 1035 2285 1921 375 
2358 374 3603 8749 
5634 4037 5513 1134 8324 
37 6295 7556 9435 8412 2847 261 8510 8283 9035 
5350 
9439 20 
6858 9710 5296 2509 2970 7431 8798 3609 
4875 5753 8418 8043 2081 7911 7484 53 6671 6522 475 7099 6812 1230 7021 7282 3542 1649 1235 
5396 
4379 8889 4161 9070 6280 746 2282 8768 5780 
9517 1892 
2436 6175 9641 9074 
8841 8856 1704 5899 4413 843 
6613 6981 7830 
3864 7973 2350 
1447 
9464 3317 114 1653 
3689 9427 640 2058 6925 7400 3336 5410 8547 5793 4005 8350 3849 4760 4006 4035 7873 618 9603 3807 5894 2543 3478 8761 9524 3456 766 3562 567 7736 9904 7133 6825 
1032 906 
1674 6218 697 
2391 2262 1823 2178 
5019 3458 8854 
4823 3848 1600 4826 6795 8201 6860 4608 9528 
3808 5134 1413 5197 5565 3890 4861 
3430 9947 9838 6124 7865 3596 6507 6920 1810 1979 2670 3256 736 2160 1553 
5917 6696 3429 7470 
7456 8183 
8316 8411 2107 
3280 7505 
6957 2777 4384 5164 6461 6420 5265 3769 4316 8257 6097 4973 3630 3612 6933 2932 4735 6127 5620 9170 4925 5746 6221 2842 2633 8202 3273 5701 
5013 3910 348 8009 6530 
5988 4150 9156 4252 5368 2732 8228 905 4365 9562 
1334 2653 3708 
6091 7909 7342 88 5186 2506 2908 9059 4654 1816 3267 5325 7300 3182 7588 4223 9231 4961 3679 9905 8306 1309 1530 4844 2190 8995 1720 3190 2593 8299 4335 7668 6344 7903 6983 4674 7415 6064 5915 785 5222 1997 1890 4322 326 4220 4418 5369 6780 9248 2237 8904 3264 2403 4603 3423 1573 6365 1609 5946 2741 1031 1476 5327 3499 
4321 7027 
6351 6008 
5383 
3999 7014 2418 8060 7986 
4251 241 3914 8535 4388 1480 3806 8485 691 4734 3719 
3021 9730 
3991 7773 5704 5728 872 
8699 5562 5397 2423 
3407 1944 4221 
2427 6332 
7866 
5652 5030 4558 3758 
1576 6374 
849 2567 6763 
6650 8133 3824 2973 1616 5835 617 2034 5074 1136 8679 4196 
322 7453 2074 
8374 8285 3417 3741 4369 3714 8323 1689 3884 9261 4202 2758 4040 4320 1582 3029 8744 3208 7080 4883 4809 4123 3157 2209 2426 9373 5145 8472 1750 5772 2754 558 8584 9759 9025 234 4742 7096 5684 2214 7303 4305 3365 7593 489 417 7614 9343 3179 7426 3497 6786 9654 4417 8871 6712 3213 8715 6320 531 1858 1876 6247 8586 6896 9797 5920 6830 5901 3860 2989 9768 3889 6591 829 1902 370 5854 6826 2583 8923 6885 7458 5309 4172 392 2914 635 4746 797 559 3140 2534 4334 6100 8706 9720 4650 544 6965 6975 7346 1010 6117 3412 4681 3982 1531 7699 3498 6258 7085 3822 3866 3345 9980 6911 8638 6778 6297 6897 1423 7926 8622 8677 5273 8057 1287 8755 3829 7708 3177 8512 2292 8171 2040 538 8376 6846 1386 907 7603 7888 6090 3988 1295 953 518 7084 3811 201 6106 6020 6882 3564 5923 1029 804 6470 6960 2463 5146 9907 8379 5372 3527 2094 7537 2097 5251 308 1957 4708 1512 3684 3805 3955 4146 3503 3194 6548 1847 2370 1375 5395 4847 3024 9943 1869 9856 6871 2152 2493 9556 8549 412 2831 1141 5668 2247 5066 550 6561 824 4750 4313 2154 5589 2843 7623 3065 
1105 6745 2029 
3326 585 
1856 
1942 2566 
9677 
5301 
5614 2660 1376 7862 8704 1382 3683 134 133 4176 2742 7879 3602 8349 3883 1001 5875 6818 4121 4987 4328 4781 6562 139 3141 6307 324 4856 267 7606 
7548 
7561 
