5 18 135 180 169 187 294 586 221 678 445 318 691 131 
153 164 179 20 219 145 32 43 110 238 218 200 414 337 
717 853 1374 401 544 34 359 105 449 1545 159 341 351 820 
915 1140 388 577 392 271 1294 1354 580 526 1907 1919 532 178 
19 6 224 234 493 25 642 84 60 342 183 650 202 67 
291 393 653 560 443 296 1387 114 230 332 639 307 761 474 
85 703 192 246 714 261 283 498 55 245 357 397 361 408 
488 797 818 923 854 403 476 924 964 1171 559 640 619 1212 
1984 1391 1001 607 803 2091 2108 1203 616 1255 841 857 925 1208 
1225 537 1009 325 658 786 1037 1292 666 1072 1436 489 1039 1364 
681 510 696 670 1450 438 516 737 782 805 715 485 892 490 
2505 1066 1259 718 1116 1256 1300 1537 2884 2902 1674 1424 1337 1303 
1227 83 287 437 935 547 556 597 721 428 491 1321 758 966 
1211 1287 1546 817 1250 1251 1268 799 998 968 932 1317 1367 1581 
535 861 1413 1562 901 1738 942 1903 1092 1327 943 976 1019 1218 
1535 1731 1328 1051 1989 1133 1588 1859 2071 1703 2103 1288 1801 1422 
2377 1660 1991 1896 2159 2413 1238 2261 2088 1906 1370 2069 2490 2344 
2101 1388 2370 2213 1010 2434 959 1071 2544 2457 1018 2546 2622 2637 
1375 1470 1502 1549 3050 3063 3179 1488 1551 3190 3297 2654 3301 1657 
1481 1296 1516 1577 1149 1090 1466 1914 587 1480 1632 1563 1616 2077 
2451 2772 1638 1931 2181 2760 2832 1150 2403 2477 2892 3398 2838 1586 
1237 593 1113 2676 1158 656 856 1169 1643 1339 1276 936 939 1309 
3357 1382 257 1564 1609 3445 2105 2658 1529 1565 2171 3451 2190 2717 
1245 1390 1448 1571 1030 1913 1829 1985 1418 2189 1639 1939 1589 1606 
1059 2303 1103 2204 1607 3248 2236 2301 1197 2392 2437 1749 2107 2127 
1949 2574 2677 2506 1707 2238 2320 1371 1465 2321 1785 2559 2013 1491 
2205 520 3488 1651 2268 1690 3628 2302 2443 1687 2521 2523 3898 2531 
2466 2177 2551 1869 2328 2484 1970 2604 2805 1578 2015 3324 2659 2639 
3446 2940 1893 3055 2397 3068 3837 2815 4126 2472 1920 2734 3412 2032 
1771 3945 3946 1704 4254 1746 2543 2026 4328 2021 2668 3554 2707 2038 
2825 2985 2989 2727 2722 2768 3048 1583 2804 1640 2941 3591 3314 3070 
3854 2652 4041 2247 2769 2333 2845 2847 4346 4371 4671 2375 2880 4678 
4402 2408 2446 4988 4501 2873 4539 2469 4699 4914 4924 4966 2621 4994 
2894 5036 3012 5099 2774 3023 5129 5144 2946 2903 3040 3042 3136 2826 
3094 3153 3161 2060 3206 4483 3192 3230 3197 3025 2118 2827 5190 3327 
4692 2923 2152 2383 4919 2939 3087 5401 3043 5021 2076 2079 3102 2258 
3404 3561 1642 2381 3713 2729 2777 3694 2851 3717 3625 3759 2895 3764 
3093 5427 3435 3436 3104 5299 3776 3498 3954 5381 5484 3636 1695 5424 
3016 2885 3018 3019 3491 3154 3243 3356 3296 3507 3560 3995 3542 4673 
3990 3720 3685 5572 3705 3781 5597 2994 3949 3723 4090 3021 4359 4468 
2867 2869 3186 3266 5143 3283 2319 5289 3298 4320 5527 5547 2714 2791 
3983 4156 3034 3095 4592 4391 4224 3292 5649 4696 1760 5892 4485 5598 
3380 4710 3540 3761 4909 3803 3634 5194 1220 3002 3657 5250 3667 3730 
5332 2820 5395 3000 5793 3362 3580 3703 3383 3227 5818 3284 3789 3889 
1915 2322 3156 3772 2405 3405 3921 3134 3514 5612 2468 3601 3834 3697 
5037 5640 5740 4489 5966 5940 5848 6053 3808 6080 4703 6108 5101 6060 
3321 5883 3399 5950 3421 3364 4270 3593 3912 4291 3594 3596 3457 3503 
6163 3923 3857 4962 5142 2527 4325 4355 4237 4662 4266 6126 5046 5090 
3736 4139 5425 4247 3151 4410 5435 4452 5669 3180 4009 5718 5873 4068 
5918 3181 6009 6118 3877 4466 4644 6167 4127 4444 4770 6314 6321 4660 
5189 3598 5197 4276 3279 5298 5312 5324 4809 4893 6174 5336 6260 5156 
5161 5591 6186 5380 4278 5666 2874 6223 5792 6443 5570 3280 5810 5617 
3558 4387 4403 3623 6062 3684 5687 3630 6180 3633 6214 3696 3692 3742 
4349 4450 3295 4350 4408 4663 3950 3951 2991 3112 3467 4525 3201 3310 
5538 5775 5846 5548 5887 5817 6357 6161 5571 4100 6394 4786 5638 6406 
3475 3582 3583 4814 4630 3679 3707 6264 3887 3938 3816 4001 4836 4890 
4827 6360 5029 5271 5415 5790 4780 7740 6556 3819 3965 5972 7107 4874 
6530 4019 5884 3909 5891 4048 6552 6426 6478 5912 6563 6095 6588 6741 
6633 6926 6975 6847 6508 6316 6405 6693 6996 7228 7269 7327 6421 7501 
4049 4872 4079 4928 4110 5098 4055 4172 4303 4059 6949 4419 4302 4433 
5988 6014 5085 9699 5743 7134 5104 4455 6026 6196 4479 4985 5006 6328 
5961 6275 6977 4393 6713 6838 7520 7574 4108 6783 6878 7682 7317 7909 
3744 4040 4137 4145 4246 4272 4353 6475 566 1297 6491 4358 4520 8134 
5185 4645 4083 4715 4149 5106 5199 5276 5155 5245 5583 5370 4469 5652 
4542 4752 4722 4797 6840 5655 5166 4173 4825 4865 4943 5049 5294 5658 
7152 6142 4236 7201 6666 7283 7295 7442 5335 6683 6822 6714 7123 6745 
7500 7517 5071 7544 6958 7343 7554 7783 7578 7915 5151 7730 7988 8108 
8044 8323 7109 8373 7323 7562 5382 8386 7584 7780 7881 8083 8354 8267 
6565 4524 6055 4625 7047 6613 4690 6656 4818 4549 6303 6658 4915 4554 
7057 7089 4622 4416 4951 7959 5318 5325 4628 7254 5410 5449 4666 4727 
7178 6326 6447 6898 6460 6910 7331 6722 7223 6768 7543 7660 8245 6883 
5493 4428 5184 5186 5540 5588 5201 5636 5304 5798 7452 5664 5799 6968 
4717 7647 1717 5097 8399 7344 4739 7815 7371 8040 5487 8420 5573 5404 
8559 5931 8638 8355 8467 8694 8678 5877 8879 8778 8448 9276 10860 8868 
5822 5977 5562 5849 6001 5854 7870 6004 6005 6012 6038 6138 6206 6081 
6235 6121 8181 6120 5667 6129 5831 8421 6238 5864 5924 5968 6302 4436 
8981 6440 9076 8842 9377 9291 9468 8961 9255 9357 9396 8477 9569 9648 
320 4252 363 5921 5265 9432 13909 1349 1945 17593 14181 27377 16608 17531 
9600 9473 9606 6291 9574 9793 13766 6164 9587 4438 9698 9644 10042 9647 
7960 7017 8425 7792 6366 8064 8439 7883 8189 8208 8453 8269 8188 6445 
6716 6424 6788 6428 6468 4470 6555 6536 4514 4535 4639 6586 6197 4779 
5431 5479 8308 5746 5750 8413 5869 5866 4829 5897 7411 5973 8272 6158 
8718 8433 6799 8506 7372 5008 8298 8579 7415 7594 8337 2130 8206 8766 
9776 9865 9951 10089 9791 10106 8557 8580 6674 10306 10462 10324 10334 13972 
6916 5118 6770 6587 5308 5418 6771 7092 5456 5502 7150 5619 7158 6604 
11085 11423 10044 10092 10095 7080 10713 11616 10189 10432 11718 11721 10510 10544 
8299 8664 7638 7658 8717 8917 8516 8339 6122 6684 6337 8375 8975 8834 
4920 9086 6380 2223 5942 7687 9166 7703 5020 2379 6439 6520 8893 2419 
7180 7127 7211 7258 7271 7131 7083 7428 6396 7084 6422 6436 6237 6286 
6538 7725 7450 2855 6740 6112 6282 6828 7677 6379 3553 6848 6511 7751 
15027 10688 10694 10707 11795 10871 7113 11878 11224 11364 11379 11582 11650 12138 
7345 6370 6545 7166 6560 7794 7454 6578 6401 7494 7316 6409 7535 7334 
6737 7503 6743 7546 6593 6786 7576 7538 7678 6932 7707 7710 7059 7352 
7755 6594 7903 6640 7599 7930 7098 6660 8452 7117 7643 7186 7478 8304 
7925 8392 7488 7529 6777 8395 8466 7218 7250 7362 7566 7418 8470 7723 
6903 5022 8894 5207 8927 8746 6933 5284 7771 7222 7261 7790 7857 9181 
8480 9361 7835 9175 8966 8052 9364 9069 8527 8112 6856 8183 8584 8594 
8608 8639 9261 8284 8750 8347 8359 9367 8898 9425 9451 9381 8928 9433 
12253 10723 7449 12767 12022 12887 12049 7851 15615 12293 11596 12546 12551 12562 
7937 8499 7977 6976 7932 8696 7989 8002 7502 8001 8092 8283 7607 8225 
6836 6900 5534 7927 7227 5541 7939 5755 7300 7622 5829 7330 7673 75 
12601 8794 12646 12820 8434 12923 12846 7843 12949 11161 12859 12879 13007 13387 
8929 9478 8942 9500 9628 9637 9688 8920 9467 9854 9516 9064 8651 9523 
8262 8445 8600 8925 8895 9084 8572 7042 7288 8487 8582 9380 8979 8688 
9713 9070 9172 9274 9275 10080 9281 9625 8384 9868 9422 9691 9471 5928 
9887 8508 10082 9818 9945 8652 9513 8767 9579 9103 10115 9925 9581 9959 
9853 9497 10156 9896 9956 10102 10199 8611 9952 8760 9981 8814 10359 9190 
10381 10165 10424 10499 10560 10048 10369 9358 8852 7346 10301 9469 10563 8931 
11484 9663 9707 9283 10333 10695 11513 10401 10779 10865 9741 10456 9045 11673 
10146 9370 10926 10659 11705 11712 10183 8706 10338 10670 10233 8932 10406 10392 
8923 6043 9297 10700 6056 10511 11744 7763 6220 7860 9363 11834 3585 10734 
9369 7935 6290 7618 10442 6642 7785 6850 7946 9564 9623 7013 9754 8227 
11237 11293 10555 11876 11305 10714 10855 9489 11345 7961 11383 11108 11111 10722 
9895 10125 9065 9790 9094 7351 9087 7360 9828 9438 7426 10597 9841 9543 
11911 11638 10599 11413 10649 8287 10944 11804 10764 10782 12002 12059 11806 11823 
8939 4032 9038 7991 8048 9140 9857 9159 8174 12286 9307 4583 9901 12333 
10853 12386 9577 12738 11929 11932 11030 11081 10142 11640 11687 10922 11045 11129 
9955 8277 8309 11697 9710 10444 9745 8378 8410 8707 7088 10592 10827 9767 
11263 9225 13586 13489 13716 9919 13573 11540 7525 13615 13804 7540 13958 11560 
9336 9972 10145 9749 9930 7720 10149 10062 9435 9997 7748 9529 8081 10293 
10154 10090 9731 9847 10176 8196 10391 10207 10289 10353 8346 10445 9984 10485 
9855 9882 10832 8743 9994 12064 10170 10252 11208 11724 7413 8899 10286 8937 
10676 10096 10631 10784 10846 10141 11006 11843 10742 10185 10244 10330 11043 11242 
10857 8946 10941 10558 10559 9110 9249 9252 11189 10943 10951 11034 11325 9285 
8403 13978 11256 10210 10399 10269 8435 10418 10288 11439 10576 10672 8456 14157 
12965 11938 12206 11297 11707 12464 12538 10745 13098 11264 13290 13349 12582 11403 
11353 7604 738 9417 11037 9512 11386 11153 9590 11420 7627 11418 11504 13372 
5421 11702 9799 7726 11330 6224 9804 9815 7778 10007 11350 11743 12407 7789 
10818 8536 10815 10340 11483 11741 8556 11272 11902 11922 12060 11514 10465 11566 
11498 11553 11821 11568 12463 11867 11674 8484 10009 11474 12663 11882 11996 8073 
12045 529 8397 10064 10065 8566 10385 13505 12074 11758 12099 10414 11475 11914 
12071 12204 11657 8618 12219 10816 8768 11890 12221 9068 11691 10671 12392 11508 
11957 12240 12319 8585 10591 12449 12586 12623 8401 12631 8548 10615 10797 13581 
12196 12285 8549 10842 12657 12967 8593 12354 12625 8679 10980 9288 751 12968 
12689 12592 12597 12917 11781 11792 13038 12679 11828 12197 11149 10852 13273 11641 
12328 11706 12939 13315 13582 12477 13583 13086 12465 13356 13130 13185 13593 13213 
13544 11875 13963 12472 12642 10774 14003 13832 14400 12645 14063 13382 12097 14072 
12775 10908 14494 12777 12787 9322 14501 14105 12103 14153 12924 12494 9463 12936 
11195 13141 11309 13183 13206 11315 8704 14582 12707 12765 9551 12816 13264 12938 
12382 12677 12712 10854 9788 12841 10916 12499 11008 10896 12925 13034 10911 13151 
8845 13305 8887 12892 11323 12977 9026 12943 13369 13548 9123 13126 11576 13511 
13180 12533 10912 10934 12553 13222 13358 12576 11073 12621 11180 11191 13373 10955 
12981 13085 14168 14299 12678 11220 12440 14629 9911 14667 10979 14786 13630 12478 
12496 13631 14917 14919 11090 12735 12754 13115 9931 13655 13155 9999 11106 12806 
11617 12828 13524 9197 11636 9412 9537 10173 11664 11710 13730 13215 13219 11839 
13267 14374 14608 13783 13333 14640 13532 13226 13635 13266 13295 15060 10073 12681 
13424 10209 13436 13572 9768 13638 13679 13536 12027 13960 9820 9859 12031 13557 
10319 12089 9971 13639 13692 15114 12124 10296 10681 13859 12200 10683 12340 14091 
15316 15526 13458 13846 13682 15221 12595 15607 10109 15242 13870 14086 16178 13733 
14319 16260 13785 14398 13727 16458 12743 14088 14419 13798 16533 15511 14184 16610 
14502 13899 14557 14272 14713 16821 15523 14384 14936 16833 12752 15600 15619 12919 
17125 14288 14832 14941 15645 13000 11234 13417 15870 14318 14992 14968 15021 15057 
13434 11248 13446 11382 13245 10126 11516 13247 13252 11580 10284 11321 13654 13703 
15070 15890 13918 15077 17502 17514 15929 11472 17662 14564 15234 15238 15096 10303 
13345 13354 10512 11782 10548 10586 11850 11966 11768 10601 11775 13425 12010 12259 
15952 15461 15122 15131 15544 16069 17687 14581 14621 13484 14643 15556 16100 16140 
15390 16263 15662 16384 15508 16492 16734 17692 14759 18022 14789 14933 15789 18024 
15708 15855 14955 16758 10735 15128 18038 15258 10889 14009 18065 15352 15741 15398 
13174 14206 14478 14548 14300 16787 13201 14360 13286 17005 15780 13311 17213 14376 
12330 11856 13613 15853 12508 11301 13737 13700 12637 11338 13096 13147 13748 11431 
5593 1047 2817 1644 1183 1471 2578 328 1619 3289 3375 3550 2602 5631 
11894 13334 13739 13810 14060 12040 13855 12050 11460 14071 14090 13825 12164 11465 
17511 15936 15459 16003 14148 15493 17718 15527 18142 18271 18438 16175 18105 12683 
18154 16088 16241 18269 16347 16201 15542 18294 15635 12918 15746 14385 18331 18356 
13540 14394 13211 14269 13931 14491 14506 11628 13604 14032 14069 14205 14285 13617 
13361 14614 14625 13396 15850 14425 14439 13522 13970 14115 13714 13722 11642 13742 
18431 15894 16117 18592 16283 18606 13961 14503 16359 18596 18636 16686 16236 18733 
16394 18879 16466 16541 16262 18612 16298 16631 11684 16315 16705 16776 16978 16632 
14594 14406 17158 17269 10939 14609 10429 14724 10995 11229 13324 13360 13475 18697 
13351 14346 14013 12672 13853 14432 14469 14514 11723 15048 14044 15512 14276 16362 
11282 13494 14443 16642 13641 16665 10829 11561 17414 18699 13669 13777 16673 14824 
16406 18944 19019 17054 18858 17096 16547 16598 14546 17118 18860 19153 19337 17504 
14126 14138 14286 14254 14597 14637 14796 11805 14356 14632 14678 15052 15113 14301 
19431 12019 14306 19464 17186 17355 17763 12029 18896 19570 15245 18946 16814 14380 
15283 14715 14672 17024 12112 14388 15322 14688 14690 14754 14812 12120 14666 15330 
14383 14781 15529 14799 15587 14810 14119 15820 14853 14538 18049 19144 15978 16048 
11745 19094 19207 14977 13779 13807 19344 15081 13820 13860 14464 17748 14483 17789 
14844 15569 14775 14888 15578 16119 12122 14903 14807 15616 15124 15090 15217 19920 
12208 15351 14890 12436 15804 12599 16017 15125 15244 12609 12636 15550 19959 12796 
17841 20071 17953 14901 19588 19646 14533 15291 19682 12840 17981 17991 19836 20113 
11776 15168 11802 15203 18199 14685 15212 11841 15284 13921 17891 20133 15400 11277 
20341 15640 18270 17959 17034 12880 15749 17137 19849 17163 19953 18485 18314 20111 
11859 18489 15414 14120 17453 14744 15557 14144 15594 20389 14268 20447 14862 14336 
14904 15858 15879 15921 15975 15016 16232 20469 15326 16233 15134 15189 15315 15443 
15356 13182 13283 17503 16309 15552 16127 15554 16410 13371 15581 16500 16504 16479 
3027 14779 16780 791 3221 10772 20775 20622 36761 1455 3903 25687 20665 23271 
3432 14353 11909 3171 4380 2252 15836 16004 11926 4116 15458 16007 11698 14426 
12376 12474 4762 15504 11973 15688 18516 16113 15722 14566 16440 20554 12652 20569 
18653 18748 16634 17633 20704 14576 15777 20792 17893 20239 18814 20973 18786 16664 
16530 16556 16713 16782 18051 15956 17179 13440 16565 18864 16306 15833 16571 16681 
20290 18210 20516 19209 17191 18838 19031 17369 21090 19220 19430 20805 21139 19084 
14882 17567 16145 15891 14563 15275 15367 15545 15577 15563 15610 15752 15655 15770 
15943 15981 15939 15904 16317 15965 16001 16177 16269 15948 15951 16592 16121 17051 
16722 16399 13585 17816 18244 16736 16141 16195 16307 16535 17926 18008 16937 17087 
14590 16687 18411 14612 16756 15735 15937 15984 16019 12497 20820 21263 4165 16024 
18144 18220 16753 17500 16775 13699 16829 17002 17119 18258 18266 16696 17214 19553 
18477 19300 13824 18523 16757 17574 18668 16122 13881 16762 16763 18704 17091 17706 
18705 18716 17766 17244 17178 17374 17253 18970 18977 19051 14134 19058 19185 17398 
16784 16903 17556 17325 16933 17395 17403 17850 17560 16361 18032 18135 17422 18567 
12867 14369 18421 16085 12901 19429 14738 14773 14880 15103 15202 12953 16094 16774 
6374 7451 16166 16797 16819 8951 16823 16825 13046 7065 15246 16929 9330 10181 
17132 15297 19732 21326 13512 13578 17152 17157 14570 13596 19446 21334 17206 13689 
17938 19222 17428 17473 17679 19224 14260 14310 14335 19266 18023 17761 14367 14507 
19784 19699 20822 20858 18479 19486 19512 20987 21377 17842 19825 21036 21261 21335 
18725 18670 16516 18877 18713 20992 16604 16858 16889 18893 16972 18809 17008 17082 
7041 8530 7095 5124 11981 10378 9442 12192 10221 2725 13743 10574 4104 10382 
21381 21509 19800 18061 18484 21794 18595 19602 19870 19878 19883 19940 21394 17632 
15505 16846 15534 17382 17483 17487 14578 17490 20042 17279 17509 15586 15593 21396 
17108 19037 17235 19125 19098 19164 19262 19345 17354 19350 17561 16462 19395 18060 
17720 19952 18134 17940 18085 18103 18141 14586 14633 18281 20013 20028 18205 17797 
15603 17285 17566 17598 15737 17628 17702 15739 17678 14850 17801 17740 22206 15867 
18643 20024 18712 22264 18925 20176 19030 19290 22293 18426 14735 18625 20082 18264 
13728 17944 17768 15947 20238 15983 17875 16053 17954 21679 22312 14928 13822 13869 
16097 13887 13924 18102 17961 18091 18127 18259 19465 14058 16295 19604 18507 18252 
19683 20083 22353 21777 17984 20123 22369 21791 20026 20150 20049 20549 22407 20771 
14803 20236 20371 20588 18292 18819 15017 20667 20751 15186 18006 15335 20989 21070 
15350 18305 21105 18861 18337 15704 21455 15747 18369 18878 18115 18415 15759 22081 
19212 15802 19500 19555 19591 19730 19866 18175 18225 19726 20091 18341 16515 15880 
19143 19227 18131 18770 18149 19361 18300 18461 18784 19568 16030 18789 21541 19581 
20206 18456 18497 16772 18808 20355 18883 18908 18943 21677 19069 20500 19081 19436 
18724 18730 18904 18548 22463 16313 19015 19026 20285 16345 16373 19029 18667 19265 
18749 18753 18828 20785 18851 19288 16678 14197 19077 19348 16707 14261 14700 14970 
14723 19368 19389 15301 19469 19667 15441 14815 19709 20975 16818 19741 22196 19812 
19974 20601 19459 21183 20742 19503 17722 21198 20743 21401 21505 19773 21754 21405 
21809 21815 21878 22065 16036 18821 22143 19596 20250 22144 19640 18569 19032 16106 
18762 18815 16129 18836 16146 18873 16267 19165 19000 19474 19061 16325 22276 16375 
19900 16452 19540 20066 20146 20159 20187 20374 16453 19141 19236 19767 16463 16549 
19268 22297 22291 20441 19302 16700 19407 22503 16987 20508 20375 17069 19470 19499 
20415 22332 20536 20434 21079 21039 19111 21080 21140 22698 19834 22719 22867 22385 
22399 21124 21201 20505 20671 20758 19968 16854 20838 19819 20730 19986 22989 21181 
19559 21609 19904 19930 20798 19583 21720 22112 20828 22166 20892 22410 20918 21608 
23100 21211 17145 22654 21321 21218 22460 21311 20848 19951 22537 22637 21057 20075 
21646 21865 20092 23119 21235 21886 21895 21348 20406 21903 20424 21974 21977 23161 
19286 19955 20063 20129 16876 17046 17105 17160 19393 17270 23186 22086 17308 22129 
15814 19397 17341 20191 14836 17399 15868 19484 16627 22178 17507 14927 22182 15013 
15136 15206 20280 22808 17695 19586 17854 15490 17987 19711 21359 19733 19854 15753 
18429 18171 15907 22319 18202 22230 22476 15976 16058 19887 23212 18209 20118 16186 
23244 22338 22576 23015 23327 17199 23240 22582 23411 23489 23554 23775 21386 19875 
16234 16349 16448 22595 16544 21542 20154 11123 18376 20380 16963 23027 17063 21657 
18535 18474 17070 20327 18543 17147 20439 20595 18695 17386 20481 20658 18843 19230 
19291 20627 20662 19353 19367 22669 20891 20915 22756 20978 22917 20689 11586 17438 
20122 17318 17484 20497 20174 17494 20409 20543 22681 20451 23295 22765 17634 20745 
19656 17455 23069 20752 20753 18736 19991 20008 20055 23907 17529 17569 23070 20060 
22842 20643 20592 20624 20749 23124 22889 20985 20677 17889 23075 20713 17900 22947 
24028 23140 23329 23317 23336 20931 21784 21005 23364 21911 23168 20971 23524 24074 
21020 21034 18025 21040 21333 21240 22991 21281 23368 21293 23402 21071 21115 21118 
21221 21273 20831 17835 20495 20883 24116 23436 17949 18017 20897 20555 18045 20937 
20964 18390 21060 20593 21089 23801 21203 23828 21591 20793 18621 20889 21739 21909 
20956 23642 18641 18741 21291 23465 21990 22012 22027 22046 21103 23965 21117 22184 
23403 24035 21157 23520 21158 23525 21190 18088 21336 18096 21230 21199 23910 23637 
18820 22374 19318 24126 22386 21565 22056 21191 22566 21338 19378 22672 22057 22673 
21369 21227 21344 18250 21414 18313 21461 23724 21470 22024 21379 21545 22038 18466 
24087 24394 22275 24194 21697 24416 24515 24321 21440 22288 24203 23845 23556 23608 
22413 23945 21774 22687 22187 22798 21457 21740 22832 22935 21869 23044 21804 22313 
23093 22609 18480 24027 23207 22215 22270 18652 22735 22372 22905 23286 23518 23966 
21351 21728 22793 22849 21732 22983 23061 24550 21817 21799 24564 19548 21849 19710 
24078 22292 21490 24395 21560 21941 24188 21647 22302 24205 18660 22019 22130 18775 
24405 24600 22591 24488 22644 22720 24514 24675 24698 24912 24732 24404 23634 24648 
23373 24682 22220 23023 23494 23064 23533 21096 23127 21741 24932 23898 24324 24333 
19756 23116 21824 23122 21927 19777 19820 21930 22147 21884 23258 22339 21885 25510 
22299 22318 18781 22330 21881 24590 19039 24745 22344 19045 22382 22895 22512 19139 
16449 9495 21459 20835 39722 27947 6331 28928 9650 17196 33385 38144 34694 39940 
23335 21907 19896 23512 23541 23718 23820 22370 21973 24887 22555 21980 22929 24084 
24414 25295 23461 24421 22557 24516 22239 24645 24950 25020 23499 25047 25101 23506 
23663 24777 25663 24594 25668 24815 25764 23302 24835 23849 25172 21995 23337 24089 
24106 24159 22624 24202 23434 
19916 22039 22984 24216 24137 22060 22105 23256 23614 19405 22323 19542 23330 19928 
22442 24508 24940 23347 24221 11357 22443 24368 19984 23382 23417 24469 23648 24547 
24946 25199 25225 24646 24707 26221 24656 24961 26381 24822 23721 25532 23748 23821 
23877 24128 24889 22420 23662 25607 25095 26452 25139 25224 22180 26471 22190 25641 
20079 24816 20014 26631 24916 25027 20087 25049 24232 25218 23975 23977 25645 20137 
25343 25411 25526 25634 23780 25629 25679 25933 25856 25862 25937 25941 22222 24258 
20273 20927 24026 25252 25290 20378 24573 25299 20935 24634 21072 25329 25454 24995 
25464 24999 25533 25699 22652 25755 21267 25836 26865 25850 21387 25066 21527 21898 
24733 25908 24852 12175 25949 21943 22747 22043 25955 25076 24575 24861 24943 24615 
22693 22236 22559 24821 22427 24850 22616 22694 22615 22704 22699 19242 22724 23104 
26897 26134 23221 26973 24974 25038 22333 25106 22714 25067 25271 19298 25211 25418 
22901 23050 25036 23262 23099 23273 25117 23084 25182 23353 23101 23148 19324 23183 
25171 25190 22997 25365 25235 25284 26220 25950 23018 25300 25992 26050 26984 23276 
4681 11623 23195 11455 13456 1421 13092 18654 15239 20990 23485 13517 24793 3484 
19645 23252 25301 23716 23727 23729 25709 25765 25839 25857 23198 23826 23929 19659 
22677 23332 22820 22862 25575 25628 22982 26098 22990 25309 25697 23469 26135 25616 
25571 25734 25622 23981 23220 25889 25891 23523 27192 23599 23603 25584 26222 26217 
25605 27275 23806 25656 26256 25806 25851 23246 26292 25892 25805 25936 25852 26276 
24096 19675 19716 24149 19872 19956 20027 23939 26385 23529 23559 23989 23619 24166 
26000 26414 26419 25947 26449 24271 26145 26258 26006 26472 24253 23793 26334 26618 
23120 26395 23162 23213 26444 27343 23593 23378 26148 26501 26551 26254 26581 25438 
24275 24526 25858 24604 24757 24397 23880 20207 25090 20287 25993 24485 25185 20373 
23696 26558 23445 23660 23733 25478 24708 23904 23959 25580 24088 26834 26963 24148 
25894 25334 25362 26172 24557 23897 24135 24559 20542 25388 25429 24164 25463 25556 
24161 25844 26595 26638 25022 27410 27056 25969 24292 26007 27424 24497 25050 26291 
24583 25127 25286 27172 24722 20641 26536 25320 27339 26967 27385 27394 24903 25375 
27568 26663 26656 27241 26748 27319 27425 26740 27625 24589 27298 25586 27639 27539 
20939 25613 26340 24592 26392 24667 25620 24182 24360 21032 26626 24417 26734 24693 
21081 26009 21213 21251 26782 25727 25037 24433 24513 24635 26927 24692 24753 24759 
27366 26949 27702 27765 27654 27704 27037 27867 27948 28020 28089 26750 27461 27567 
26884 24834 28272 27013 27045 27712 27093 27937 27611 28282 27445 24858 27498 27117 
27002 27699 27095 25304 25744 24983 21278 27206 27225 25337 25360 26078 27433 26268 
26328 20856 26540 26644 27782 27205 27891 27907 25596 28590 28071 25798 28108 21049 
27344 28043 28642 27652 27799 28066 27419 25475 25555 28120 25338 28114 21289 28711 
25915 24345 26161 25565 22242 26376 24080 24603 24717 24730 24739 24762 24789 25964 
25701 25483 25766 25517 21466 27616 27719 21619 27824 28179 26294 25878 25582 25715 
26827 26988 25886 27556 24939 25888 27090 27133 28139 25946 21091 24991 27244 21137 
25749 21750 26300 21944 26351 27967 26127 28099 25768 26357 26373 26413 22137 25931 
25951 25071 26042 25147 27327 27354 28171 28337 25214 25216 27396 28744 25220 28378 
25940 28136 27584 26160 22214 26500 28149 28159 26214 28847 26270 28229 26597 26802 
26960 26978 28248 22335 26259 27068 26289 26390 27094 26298 22355 26436 26356 28414 
26412 24957 26019 26630 27733 25075 25184 25617 25810 27792 25841 26708 26110 26321 
27549 26284 28500 28516 25288 28871 25479 21172 27831 28601 28578 27731 25623 27612 
28560 22417 26490 22578 26369 28581 28623 28689 27112 26671 28782 26722 27149 28803 
26784 26575 28806 26717 28881 28934 22585 27256 27260 28932 29034 22613 29082 26832 
27007 28737 27179 26393 27351 26628 26772 25491 26990 27359 28875 27440 27442 27431 
25657 26311 25673 21433 27846 25698 26002 27997 26350 26085 26088 26409 28843 26445 
26510 28943 27839 26190 28015 28055 28336 27881 26191 28951 28960 21673 27901 26201 
29160 27308 27108 23039 28690 29255 26849 28726 27264 27341 23049 27347 23055 27553 
27434 29434 27486 27514 27592 27819 27898 27945 29681 30135 23150 28000 30239 27352 
27439 29354 23298 29360 26919 27753 27796 27760 23358 27894 27912 27818 27822 27874 
28350 26210 27927 29080 26247 28436 26567 29019 29068 29294 26260 28065 26323 26729 
28069 27972 23471 27995 28253 23889 28754 28842 29117 24060 28274 28501 29010 28507 
24220 27989 29435 29617 27916 29671 29718 26964 29826 29852 28262 27968 28184 28111 
7075 29344 15425 26342 26837 29446 29458 26889 9932 16227 29505 27004 29611 10163 
27315 29870 29922 30349 27337 28263 30417 30523 28204 28214 27458 27973 27485 29185 
30766 30894 28268 28769 24223 28821 28889 28360 27493 27541 28013 24260 27720 28564 
29194 28678 29243 28079 28088 28208 28301 29305 29407 28407 28718 28783 31134 27770 
28448 21759 28894 29120 28640 28653 29517 28753 28294 29136 28422 29126 28788 28844 
27828 28090 28211 28038 23574 28128 30515 28213 30549 28207 30570 28257 26158 28339 
31326 27834 28923 27896 27899 31373 28593 28634 24293 28636 28954 27909 31398 29308 
28658 30827 28475 28483 23755 28735 28522 28988 29083 28645 28533 28563 29096 31418 
27215 27279 28461 29637 28481 26562 28489 29574 27793 28544 28534 26565 28251 29646 
27930 24451 28144 24470 29208 31432 24499 28648 31512 28695 31637 28812 28819 31743 
26593 28273 28791 29715 29593 28873 28854 26746 29903 29939 29089 29959 28417 28656 
28910 29203 29225 29212 29219 28163 29368 29309 31004 29467 29678 31845 29731 28178 
24710 28189 31902 28956 29248 29367 24997 29072 29108 25055 29116 28305 29805 28328 
29378 29381 29673 30160 31429 31631 31708 30240 30751 32391 32727 28739 29975 30148 
29191 29859 29324 29912 28890 31908 28756 28487 28867 29393 29398 30095 28972 29426 
30981 32786 31958 24176 30179 33436 33456 33606 30296 30377 30434 30448 33974 32086 
29978 29570 29090 30036 30044 26783 30072 28629 28631 22744 28807 28852 29188 30203 
29461 30183 29314 30370 28973 29464 29524 30934 30980 31019 29600 31175 31200 29339 
28412 29376 29350 28524 32084 28557 25082 29389 28558 25215 32129 29412 32170 32236 
29667 29636 28982 29825 28628 29003 29689 29948 29768 30049 29818 29044 29473 25414 
34183 32125 32175 30453 31009 32215 32595 31261 31309 34200 31321 31874 32091 32136 
29229 30123 30199 31394 27178 29260 29824 28899 29174 29860 30297 30371 22818 29249 
25481 29485 29481 25637 29584 28771 25757 29742 29515 29850 29743 28802 25769 29906 
29503 29994 30305 29504 29113 27537 29865 30642 30694 31493 30696 30726 30832 29122 
28846 32509 32520 28848 29895 29907 32563 30104 32632 28990 30143 32738 31503 30578 
29176 25865 29349 26151 31506 29562 31553 30880 30936 29497 31608 30988 29530 30092 
30999 30109 29589 30120 29767 29773 31692 30131 29923 29644 31844 31026 30038 32006 
30582 29053 26179 26282 29109 30164 32262 29709 30169 32910 32923 29277 30587 32965 
30471 29392 29618 27638 29797 29542 30621 29662 29854 28040 29590 29652 28041 30645 
30379 29318 30689 29420 26524 26546 32987 26549 26613 30738 32993 26836 30540 30847 
30671 28202 28234 30721 28286 23229 28302 29751 29999 29672 29741 29831 28343 28398 
32179 32783 33056 33604 33608 31105 33099 29915 33662 33279 33735 34275 34345 33774 
30412 31478 30137 31516 30474 26904 31603 30009 32311 31149 30692 30258 30560 29571 
30788 30195 30102 30962 29953 31243 30100 28411 28704 30335 30254 30526 28710 30108 
31280 30712 30151 31389 30177 31085 30725 30268 29601 31271 29793 31468 30585 31535 
30644 31815 30868 30939 30112 30414 30739 31455 31549 32339 32462 31562 30265 30407 
31847 30486 30989 30278 31005 32503 31857 30846 11770 31123 31035 31289 30614 31477 
33292 33777 33797 33346 30740 30248 24294 34431 30430 34441 33391 33800 33561 33623 
32565 29602 32021 32583 32600 31678 32070 31174 30436 30519 31155 31966 31382 30520 
10720 31863 32061 17116 16970 30912 32138 19516 32193 31059 31060 30958 15844 32195 
34689 33651 33917 31510 33994 31640 33925 33979 27239 34158 34725 34791 34916 34030 
34998 30468 27240 30755 34239 34161 34389 34259 34443 34434 27294 36275 34473 34874 
31211 32289 31146 31534 31152 32119 31636 32224 32393 32312 32185 31230 32314 32423 
32714 31726 31875 31419 32316 33123 32407 30577 32047 31522 30630 31782 32074 29738 
30794 29808 32115 31690 27618 28024 28070 28104 30881 33177 28121 31122 29819 33190 
33222 31873 29869 31914 33278 31138 28154 31368 33499 29973 30094 32130 32228 31401 
31375 23838 31732 32350 31733 31376 32437 32635 24029 31406 31792 31836 32538 31885 
28172 32599 32751 31458 33586 31481 33727 31741 32803 31841 30116 33824 32114 30363 
32149 30373 33863 28173 30505 32878 32994 30599 31100 31139 32260 33929 28174 28196 
32439 32510 33221 33037 32124 31891 32511 32716 30660 30752 30797 32281 32287 32275 
31409 32097 24998 31457 31909 25542 32820 31755 32676 32677 31853 32117 33015 33083 
30865 30970 33140 33149 31190 33234 33116 32362 31201 31212 31976 31255 32514 33184 
32041 33228 32612 32639 33220 32272 33225 33340 32323 31272 32396 31304 32161 32334 
32524 33063 32539 31371 33348 31361 33365 31393 32498 31435 31569 32697 33118 33406 
33271 33407 28310 33327 32549 34116 31515 28381 28429 33341 33439 34154 28443 32601 
32648 32660 34407 28962 34586 32785 33477 31742 31698 34744 35150 33631 28996 29033 
17287 33126 33156 32065 26025 33162 33203 32775 17947 32981 18166 21584 20003 32516 
35271 32839 29074 29183 32874 33788 33809 35370 33868 32953 32008 32032 29207 34178 
29278 32957 32210 35371 35701 32410 35730 29279 29384 29414 35824 29568 29629 34343 
35993 36030 34347 34402 36122 36146 32431 32586 29665 29772 32991 36200 29829 30121 
31763 31783 33534 33550 33711 32772 32778 34086 31943 34203 32491 34504 33353 34251 
32107 33135 33398 32196 27028 33354 33367 32544 32735 33551 33145 32223 32791 33718 
32235 18195 32238 33745 34263 33453 32335 27645 33186 33942 32347 33344 33372 33261 
34614 34768 34803 34826 30506 33032 32852 34884 36283 32893 35081 30547 30596 35085 
34950 35053 30542 34583 34892 36424 35028 35104 36677 35223 35350 33036 35059 35155 
30747 36401 36437 34333 33101 35136 30885 33090 33245 33163 34342 33256 33465 33495 
33475 32556 30945 33785 34453 33826 33879 32883 33396 32575 33055 33067 33451 33106 
30946 33329 30996 35163 35347 33592 36461 33469 31578 32368 35453 36478 33521 33811 
33984 34063 33737 33759 33906 33168 34067 33379 33537 32399 32951 33043 33882 34617 
33554 33646 33538 33231 33079 33908 34053 33285 32385 33429 34174 34706 33916 33716 
33730 33805 33829 34084 34129 34137 32386 32531 34394 34122 34505 32952 36670 36717 
32963 33013 35494 34548 34316 33042 33157 35523 35545 33373 35746 35790 34828 36929 
33092 33945 33571 34233 33201 33254 34276 34384 34830 34421 34433 33596 34760 33733 
32460 34017 32605 32621 33565 33699 28484 33784 32669 33787 34159 32672 33792 34180 
34338 34455 33729 35799 33799 35841 35883 33884 36019 33946 36970 36150 36168 37095 
34855 34171 34216 35052 34253 36194 34279 36261 34944 34695 36369 34289 34372 34495 
34182 33953 34967 29560 34028 33969 34290 34368 34516 33978 34189 34567 34301 33819 
34565 34671 34578 32687 32733 34714 34811 34994 34839 35044 35146 34723 34340 35306 
34716 36513 34718 34613 35135 37120 35165 36526 37277 36554 35198 34642 34645 33952 
35621 35778 36675 36698 34937 34686 36706 36745 35205 34850 37002 34952 37363 36008 
36023 35374 34885 36113 34963 35623 36142 35083 36198 35188 36534 36701 37382 34544 
35328 35303 13927 32793 35230 32890 34456 32999 34590 33296 33185 33562 34599 35293 
37001 35087 35361 35161 35416 37018 37165 37048 37182 37402 37228 37440 35424 37126 
35573 34149 34833 35630 34843 34173 34901 35431 35169 35777 35498 34350 37412 35231 
30182 35451 35633 30684 33625 33695 35420 33877 35555 33905 30869 35862 33907 35696 
34938 34322 35294 35904 34194 35717 35244 35797 34325 36158 34385 36312 35334 36484 
34460 35312 33342 34688 34693 34410 35211 34739 33424 35398 33454 35811 35836 35892 
35807 35257 37597 35513 36909 35524 35870 35571 35598 35622 35842 35948 31597 32329 
35990 35999 36515 36083 34515 36579 34637 34730 36597 35900 35713 34863 36755 34961 
30924 36110 34600 36907 36185 35173 35246 31652 35301 36210 34849 36096 36511 36994 
37681 37674 37733 35577 35288 35628 35331 37748 35871 37357 37372 37809 37961 37515 
14412 10582 22612 32102 23960 35503 36209 35511 36293 32742 19110 36332 36591 12405 
37768 37852 37921 37620 35635 38013 37694 37934 37749 35934 38094 37800 38097 36000 
36028 37868 36272 35818 36441 38270 36506 37889 36557 36719 38221 36090 36920 36116 
33540 37065 34696 18844 37477 35528 34917 36666 35776 35812 33637 36781 36730 35035 
38324 36188 38165 36921 38330 38468 38230 38309 36279 38360 38369 36395 38684 37148 
37585 35771 34756 37596 35110 35936 37615 36791 35984 33492 36879 36018 33818 36845 
33836 35304 36002 36013 36101 35808 36193 36516 36238 33983 38390 36295 36309 36346 
35313 35335 38411 36480 34857 34023 35634 35121 35432 36307 36336 36383 38472 35433 
36449 35683 35687 36456 34136 36481 36482 34147 36520 35827 38585 35706 36656 35732 
36658 36501 38644 36594 36603 36638 34193 34337 36673 36651 34661 36682 38718 36935 
37153 38422 38658 36951 36977 38704 37084 37368 37543 38773 38804 38768 38873 39169 
34834 35423 36743 36808 35587 36724 35802 35792 37589 35939 36809 36947 36877 35823 
37159 37788 36952 36196 35806 37823 38840 39034 39171 37181 39208 39213 39214 37224 
35985 36160 37279 36070 37025 37046 39287 36172 36246 37005 36273 37014 37222 36017 
36274 37076 37450 36121 37273 36339 36170 37284 36268 37416 39225 36469 36639 37606 
37630 36300 36118 37648 36255 37093 36927 36564 36325 37679 37675 35813 36522 37016 
35418 
30581 36669 35951 33783 36539 36678 36029 36862 36052 37080 36914 37000 37146 37629 
37696 36657 38936 37143 39235 37847 38101 37991 39313 37174 37037 37123 37133 36528 
19550 39224 1652 9323 5498 5093 35133 35733 27656 36345 21422 35269 35450 39168 
36108 37773 37308 37141 36642 36772 36182 37191 37190 37436 37347 36216 37318 37848 
37319 36404 37229 36475 37111 36533 37442 36644 36762 36569 37344 37556 36570 36721 
37877 37618 36813 37155 37350 37409 37505 37758 37959 37888 36361 38150 36980 37295 
37688 38198 37700 37158 38057 38226 37254 36825 36917 37287 37298 37880 37384 37385 
38129 39249 37509 39358 39408 38173 38190 37537 38196 38949 39512 38220 38280 38371 
37703 37990 37032 37970 38445 37978 38131 19843 37132 38181 37527 38385 38373 37914 
37394 38172 38283 37449 38418 38382 38412 37493 37628 38458 37574 37677 37906 38459 
19271 37151 37594 15837 19278 19677 37274 38500 19808 38600 37778 20336 26404 37737 
36171 36251 36377 36488 37260 36580 37728 37729 36606 36795 37180 38493 37826 38547 
38555 37750 37821 37831 37796 38064 38319 37806 37942 38130 38545 37830 38726 38752 
37944 37976 39381 39544 38971 38082 38161 38571 38542 38669 39194 38771 39404 38453 
38913 37422 37872 38223 38387 38188 38535 38419 37900 38930 38955 37919 38562 38629 
38822 39112 37940 38267 39141 39182 38234 38307 39192 38706 38469 38868 39302 38870 
38898 38923 38580 39696 38950 38688 39179 39236 39218 39037 39644 39223 39125 39540 
22766 21313 38888 20886 26770 38570 22886 23918 22738 38686 7507 38897 24020 38986 
38544 37607 38623 37771 38565 38519 37855 38764 37783 38567 38894 38539 38651 38659 
39392 39738 39672 39366 39458 39474 39726 39531 39548 39593 39795 39651 37953 39883 
25092 25189 24808 39332 38637 25348 38864 39065 39086 26700 27398 39094 38981 39133 
39365 38900 38604 39227 39400 39299 39272 39520 39300 39115 39525 39324 39244 39353 
25525 27582 39637 26825 39804 26727 39417 28276 39394 39753 39301 39536 39803 39608 
36902 36983 38581 38662 37017 38787 37317 37373 38885 31131 39871 37044 38922 38965 
27808 26969 28528 27778 31032 31225 17659 19623 28224 28731 24426 20326 25250 28950 
37306 37451 38302 39927 38970 37465 39096 37432 37512 37459 37579 39947 37564 37895 
39044 39048 38665 37807 38722 38772 39055 38007 39837 38833 39838 38682 39057 38061 
38091 39965 39695 38760 38076 38083 39953 39970 38106 39116 39176 38791 39866 39206 
37946 38157 38240 37605 39969 38517 37759 37815 38594 38171 38626 38612 38966 38976 
25833 14648 28978 39679 39587 39950 39905 30574 39806 39920 26640 39897 31997 39974 
38890 38904 38939 39136 38345 39187 38488 39553 38515 38705 39594 38721 38892 38997 
39097 39113 39209 38990 38988 39411 39631 39119 39269 39420 39426 38497 39862 39625 
29242 20366 28608 29512 31016 16402 17475 32019 29692 29514 32089 30821 31633 32445 
39685 38792 39226 38883 39264 38889 39268 39466 39483 39063 38875 38989 39530 39646 
39683 39024 39081 39165 39721 39549 39541 39609 39776 39543 39647 39075 39797 39742 
21356 22483 32485 35698 29968 38660 15184 25070 22210 30234 31106 12788 26461 16578 
39815 39827 39984 39582 39621 39895 39409 39860 39880 39946 39443 39999 39996 39922 
26056 26738 27158 30750 35537 32280 32337 32363 23456 36103 34247 33672 25264 31226 
18122 33715 34913 34312 34783 34921 33293 37555 36233 36095 18854 37764 38005 38123 
21474 38052 26879 38092 27101 27600 36694 38940 38194 39812 37162 31053 39555 39016 
14147 2598 29338 6549 16875 
