21 22 44 39 38 51 31 37 46 27 27 37 26 41 29 23 22 22 18 21 18 20 41 32 32 34 33 39 32 
52 34 35 52 42 46 24 38 49 23 38 34 21 41 39 41 24 46 18 43 22 44 42 34 43 27 35 46 22 64 52 32 20 26 47 41 27 32 48 49 
37 44 42 47 24 18 19 36 43 44 42 22 40 39 16 39 26 33 34 38 40 23 33 29 34 41 22 34 47 38 44 57 
23 40 32 53 27 48 20 35 43 46 31 30 51 31 24 34 28 
21 28 28 38 
34 33 18 63 33 38 45 34 45 47 48 36 23 35 42 19 29 27 36 39 41 43 43 
67 40 33 61 50 
32 45 29 26 28 20 27 28 32 32 33 42 23 30 50 42 
34 45 30 45 31 55 41 32 46 42 17 29 49 18 30 28 20 30 52 46 30 18 27 17 24 
54 30 46 44 50 
20 36 23 44 
25 32 26 22 34 36 35 30 24 27 35 23 48 18 20 36 21 31 48 24 20 39 23 
41 25 30 25 53 47 35 51 52 27 26 36 41 52 44 
42 57 31 20 
38 34 21 39 39 37 24 50 30 41 15 
48 19 31 45 29 27 41 21 40 42 40 40 30 32 47 29 48 21 41 42 30 42 40 47 49 25 53 37 50 49 39 20 34 53 40 31 30 28 18 50 46 41 45 24 26 41 45 50 27 30 55 31 41 42 49 42 35 23 33 45 31 52 34 17 28 32 43 33 15 42 53 29 29 29 25 28 59 34 27 42 32 46 30 35 27 49 51 16 47 41 32 46 45 30 22 33 39 18 40 17 50 49 30 57 51 48 43 42 23 52 41 34 39 41 54 40 35 44 49 47 48 42 54 40 25 46 33 46 28 20 
33 51 36 45 32 25 52 25 29 48 25 30 33 37 24 30 46 42 53 32 31 23 37 44 45 43 40 41 51 39 40 29 46 21 45 43 35 39 39 50 52 41 34 
38 29 48 28 46 
42 29 34 36 
32 21 38 46 31 40 34 35 32 45 47 41 25 19 18 23 31 35 51 39 33 36 36 44 36 33 47 33 31 52 29 38 30 26 37 35 34 42 43 41 45 45 36 23 54 34 36 29 41 34 31 32 40 34 28 34 41 25 22 40 24 39 38 26 29 40 32 47 42 28 37 41 36 27 28 38 27 37 34 36 29 40 
39 51 46 29 19 43 46 47 35 36 28 33 53 31 26 33 32 25 43 27 27 49 21 47 58 42 29 28 47 27 47 46 41 34 33 37 51 42 27 40 32 45 44 42 15 38 36 37 42 15 
35 24 27 30 
18 47 34 42 32 23 23 39 49 41 24 53 
51 46 50 32 19 43 26 43 59 30 32 21 25 17 27 49 35 54 52 29 
48 44 46 25 45 47 36 35 40 43 46 40 21 46 28 23 37 44 18 43 31 28 48 29 32 54 54 53 39 51 42 55 46 43 25 39 41 50 22 20 45 45 27 45 16 45 25 30 46 25 46 46 40 42 48 42 44 39 46 33 30 37 19 48 29 42 40 23 25 31 18 36 49 28 49 42 33 45 31 42 18 49 28 37 27 36 36 34 54 59 52 48 37 46 42 36 35 
15 19 47 50 18 32 35 17 58 19 22 30 34 24 42 36 49 23 40 19 51 51 30 53 24 50 
57 38 35 41 31 
33 28 40 34 28 28 53 23 41 45 32 44 40 47 21 46 
40 30 36 37 43 53 52 44 38 21 24 37 41 41 45 49 37 24 30 
65 52 43 52 67 54 47 44 21 62 41 62 51 
68 27 24 60 
31 52 44 31 38 
30 43 30 22 45 22 30 32 36 32 30 37 22 25 29 51 21 35 47 34 
50 50 34 38 24 26 34 49 38 41 54 30 33 29 35 52 41 42 44 
36 40 35 43 39 34 23 38 35 19 35 24 42 39 48 52 38 15 32 19 41 24 40 45 30 33 41 
39 36 40 43 
35 49 27 19 32 36 29 49 48 22 36 41 22 37 26 35 45 36 32 26 36 56 44 40 36 45 39 24 19 26 38 36 31 38 47 54 28 41 35 39 27 39 40 
26 32 26 25 31 41 29 41 52 32 49 27 51 19 25 43 27 39 16 40 54 52 47 45 41 18 21 30 40 27 40 40 15 30 39 38 36 28 36 25 30 24 25 35 30 27 25 49 18 25 32 30 28 29 36 24 46 37 24 29 47 21 49 45 27 28 41 64 37 34 22 28 50 47 38 49 42 49 20 25 37 53 30 21 29 54 35 53 43 38 16 29 36 40 44 49 38 37 30 26 41 20 27 29 42 27 54 38 34 26 29 28 21 38 51 47 46 50 20 50 45 23 30 34 40 31 
20 20 22 34 
20 32 54 21 37 
29 22 32 49 47 46 44 33 38 30 29 46 54 36 48 43 54 25 25 37 48 45 41 42 24 28 47 20 27 50 22 29 27 29 20 48 31 38 29 
27 28 39 30 34 18 39 30 45 34 48 39 33 36 54 26 
29 31 19 36 51 
40 39 35 47 
43 31 49 28 
51 47 50 40 23 
48 39 43 40 47 
45 41 23 40 23 30 41 32 54 40 26 25 39 21 42 37 48 27 37 34 39 
25 36 39 52 
31 31 44 40 41 
42 21 42 37 47 44 50 33 36 45 46 18 51 44 48 51 47 51 26 53 32 15 28 48 19 48 44 48 22 21 47 38 26 
41 31 28 50 
42 52 31 29 32 49 26 44 54 28 51 46 37 49 43 47 27 28 39 23 20 34 40 34 57 21 54 25 48 35 45 47 31 38 34 35 35 41 35 34 51 32 41 30 38 32 53 50 43 28 23 32 34 47 28 50 31 43 46 38 43 32 44 21 24 23 38 39 44 48 37 46 40 36 26 49 44 37 50 59 38 39 44 36 36 36 46 40 30 17 56 41 39 54 
39 41 44 38 38 
41 30 25 26 49 20 23 29 43 30 43 
36 38 34 26 52 26 47 62 39 43 26 
57 40 26 28 41 25 48 44 48 46 19 44 39 
40 49 34 44 40 
51 20 48 35 42 31 38 41 41 24 30 29 40 54 37 33 31 34 44 34 36 35 44 42 44 58 48 44 38 41 54 45 28 43 20 33 34 25 45 16 38 19 20 46 35 34 35 33 45 29 45 44 45 25 47 51 31 48 33 46 38 38 33 37 44 
41 35 29 35 30 43 25 39 45 36 52 51 51 40 34 33 48 31 29 41 43 46 46 41 25 22 31 40 41 49 44 28 27 49 40 29 37 24 34 47 34 27 47 36 43 27 56 
34 41 23 53 32 20 35 31 62 28 
50 27 31 24 25 49 41 44 31 42 42 
52 31 37 41 
53 51 43 17 40 41 47 33 38 33 50 27 18 37 
21 32 47 24 26 18 39 38 27 22 48 58 26 20 19 42 20 27 26 38 24 18 38 38 40 30 43 19 26 55 36 49 23 26 46 24 46 43 44 38 19 35 42 40 51 29 37 
41 50 20 54 42 40 38 49 19 44 36 57 49 
25 47 42 29 26 36 44 16 26 42 40 25 37 22 39 46 34 28 35 30 23 19 
53 34 15 22 32 44 34 26 15 35 31 38 37 46 38 52 47 40 54 42 
49 19 39 35 27 43 47 27 45 59 46 49 36 48 37 34 39 37 48 36 53 43 32 35 30 27 
50 45 39 32 
30 34 24 25 
41 19 39 37 
29 32 44 34 38 24 20 37 20 25 45 30 25 36 32 37 23 43 33 28 31 46 25 18 38 29 44 26 27 22 18 30 23 42 36 38 45 29 42 25 34 29 37 31 20 
41 45 28 29 48 38 26 42 38 47 43 41 23 27 44 30 20 31 26 50 35 43 19 47 31 33 32 53 27 47 37 20 38 26 24 26 
28 44 42 43 33 30 52 43 35 37 45 
53 30 45 38 46 37 44 44 41 27 36 47 43 45 26 32 40 30 45 53 37 27 45 53 40 49 33 31 40 44 43 38 43 50 
48 49 26 17 46 42 50 49 40 49 46 42 45 18 39 46 53 42 
44 51 42 45 32 33 50 23 57 56 34 42 52 55 53 24 50 49 44 39 20 38 50 40 45 31 41 54 36 46 39 34 17 31 39 26 15 28 39 46 49 34 47 39 43 39 24 28 18 31 50 37 39 33 50 32 39 20 43 44 31 17 47 41 49 31 47 38 37 52 53 39 56 43 43 29 44 35 35 48 28 40 38 50 42 
22 23 24 48 28 38 24 41 29 23 19 36 28 44 50 43 47 39 40 24 29 48 52 37 40 46 36 33 20 32 35 25 37 24 26 44 42 34 37 19 48 25 
48 45 34 33 41 23 36 49 26 34 17 38 49 21 40 48 15 41 38 44 29 42 27 39 26 39 41 46 39 28 18 48 36 32 37 38 43 45 36 25 48 35 41 32 24 30 53 32 47 33 48 28 24 18 31 40 29 25 41 44 45 42 25 46 40 
52 18 36 37 
59 49 52 37 42 43 36 52 25 44 44 64 50 51 25 19 41 31 51 30 38 47 50 35 42 59 44 44 52 47 44 21 41 
44 34 33 36 28 54 41 32 30 21 49 38 46 50 51 43 43 28 38 31 24 39 24 41 24 43 49 53 35 39 26 17 45 
45 25 47 35 41 
39 16 29 22 24 18 41 25 40 48 50 39 27 26 45 19 35 53 36 25 43 43 27 58 43 21 28 44 41 40 41 39 27 16 31 39 45 17 44 43 41 
45 28 42 30 49 
53 58 45 48 
31 22 38 38 29 22 27 18 42 42 48 17 44 36 49 29 39 59 54 37 23 35 51 38 20 46 26 35 42 52 33 47 42 36 40 21 23 43 40 21 39 38 47 32 21 33 25 28 28 22 48 25 29 36 40 25 37 57 54 20 43 18 45 44 24 38 34 30 38 33 34 31 36 27 34 25 58 48 27 24 25 30 35 38 38 38 53 39 34 60 31 42 26 18 40 22 46 35 34 52 38 41 44 30 26 51 36 34 32 38 36 26 28 30 19 34 44 45 43 35 39 44 20 40 42 34 49 53 37 47 32 37 25 50 47 23 43 25 47 24 27 41 30 50 21 23 33 35 40 34 45 41 30 49 36 36 32 47 45 38 48 36 42 32 28 33 54 34 48 25 21 33 23 42 44 23 20 48 22 45 26 48 46 37 38 40 42 52 29 45 22 34 
45 39 35 44 48 
28 41 20 35 17 32 28 44 37 49 38 26 50 48 21 25 23 28 53 19 20 24 21 37 45 24 29 39 27 27 25 33 43 42 33 46 42 28 28 53 18 46 54 58 23 51 25 27 40 31 43 36 53 52 48 18 26 38 54 29 37 37 25 30 29 22 44 27 42 47 47 36 31 31 37 39 43 29 31 30 42 48 48 37 54 43 29 37 40 46 19 30 26 40 25 42 50 20 44 51 23 22 49 42 30 19 37 46 41 34 31 21 37 23 36 22 25 36 46 31 29 33 26 24 39 42 48 23 21 37 34 41 35 36 46 45 26 28 26 23 32 22 20 41 
59 44 32 38 43 52 45 20 39 28 23 44 23 39 21 45 51 23 27 33 30 34 38 18 43 51 50 58 48 42 54 53 46 46 35 45 21 54 40 32 39 31 28 19 17 48 50 32 40 52 40 40 53 41 31 47 52 39 27 30 22 59 41 44 
43 39 32 45 37 26 28 30 38 35 40 31 20 36 56 46 
50 49 47 28 35 39 34 34 32 26 54 27 37 47 43 51 18 50 30 17 38 25 52 51 42 48 49 44 33 41 54 39 35 52 21 32 42 42 43 42 54 52 25 44 48 38 
43 46 34 22 49 38 39 36 32 30 54 47 52 26 45 47 34 18 45 48 34 49 40 26 43 49 36 50 16 25 53 
31 37 26 40 37 26 33 44 36 45 17 35 33 48 40 29 54 27 40 35 41 41 30 48 46 23 37 42 35 49 41 38 30 
24 19 21 33 28 49 47 19 36 24 24 49 49 56 18 21 22 29 
54 47 40 41 30 44 39 37 44 32 45 46 45 26 37 
50 54 42 43 
35 43 35 30 37 43 31 25 34 26 47 25 37 49 48 26 44 38 33 32 46 23 31 30 49 17 35 36 46 41 47 43 41 37 41 48 49 
19 16 41 21 34 
41 49 37 30 28 43 46 47 42 37 24 61 39 30 31 39 27 38 49 35 41 54 37 28 22 46 49 42 35 25 42 29 20 23 25 49 52 48 31 44 
47 42 43 29 33 49 46 50 37 46 56 52 35 18 
44 31 44 37 51 38 36 52 25 47 23 51 27 
47 35 31 48 30 37 48 37 33 46 20 25 19 43 54 39 39 58 
48 47 36 34 45 37 33 50 39 33 44 35 24 47 18 19 41 27 47 53 48 35 39 51 38 30 29 39 30 47 53 28 36 35 47 47 25 36 35 29 43 29 17 30 49 48 20 29 49 40 49 31 32 33 18 48 36 36 43 40 
46 44 40 36 39 45 22 30 41 18 31 31 41 47 27 40 29 38 41 40 40 38 32 40 24 40 32 54 51 45 49 42 46 24 37 45 52 31 23 45 57 41 42 28 26 30 
32 30 49 22 
47 30 36 48 37 49 52 27 46 33 42 42 33 45 45 34 36 
32 30 29 47 38 33 25 31 41 26 28 43 31 51 
34 42 42 40 39 35 36 32 36 55 30 39 20 22 31 
34 33 24 25 52 
38 23 36 33 51 49 40 28 45 43 24 18 29 38 32 42 18 45 
27 46 20 36 
56 38 45 43 47 
24 22 28 30 42 
54 22 17 37 52 44 45 32 31 44 38 39 28 51 
48 18 34 18 
40 53 53 25 35 40 38 42 54 29 29 34 43 42 48 41 
29 28 18 34 38 45 49 51 35 46 49 17 21 38 44 28 25 26 41 26 39 44 30 27 34 20 23 27 28 24 42 18 30 25 37 44 28 25 51 16 52 37 36 43 21 31 31 42 37 54 29 26 34 24 49 50 31 22 49 32 59 29 32 22 47 24 33 25 43 32 26 37 35 36 46 19 26 
25 46 43 32 39 
48 32 21 41 55 41 38 42 40 21 46 50 39 47 18 23 15 33 38 42 28 41 57 49 55 45 23 37 52 36 41 27 24 43 44 44 51 35 51 36 25 18 30 22 47 48 32 42 39 52 37 23 27 24 44 45 27 30 28 44 51 45 50 32 44 31 23 50 19 28 45 42 37 39 39 29 41 35 40 47 22 21 46 36 44 48 23 36 44 46 39 56 33 41 18 46 37 45 54 43 45 30 49 28 35 27 39 30 35 35 46 41 26 43 15 35 49 38 32 31 40 54 36 23 43 30 42 42 44 32 25 46 48 38 39 42 44 43 42 55 53 43 26 
54 47 29 32 38 52 46 21 42 33 33 38 41 44 38 41 52 51 15 49 47 31 32 44 37 38 31 53 44 47 40 44 47 54 29 49 
19 34 42 21 29 57 42 42 47 18 20 17 47 18 31 44 53 50 29 31 26 43 46 31 20 26 37 18 19 35 28 23 33 25 19 29 22 21 49 25 22 16 21 17 34 49 19 18 16 21 16 26 19 40 50 27 18 43 31 27 46 30 21 31 18 44 21 48 37 39 42 48 49 21 15 30 39 38 21 45 20 23 45 
51 28 53 47 59 47 17 44 49 29 
38 29 45 43 
30 50 30 35 25 
43 45 25 39 50 
26 22 26 31 43 26 18 32 32 38 34 43 20 25 19 23 35 31 27 54 30 38 33 39 21 40 28 35 25 24 43 58 21 18 41 22 37 49 36 28 51 26 24 45 26 38 38 20 44 17 25 25 42 29 26 26 17 49 47 26 32 36 53 42 26 27 29 44 27 50 22 36 20 37 17 35 44 50 27 39 40 42 20 17 25 21 27 28 56 35 26 22 41 34 43 16 41 37 44 20 45 18 49 45 42 39 26 41 40 28 46 32 43 27 22 23 28 29 31 33 32 21 33 36 24 15 42 55 22 29 30 18 42 31 29 37 42 42 40 35 37 36 26 28 36 21 31 44 46 36 31 27 25 41 28 20 43 36 40 42 19 32 28 40 26 29 42 36 38 49 44 41 27 40 32 29 36 43 34 49 41 57 28 18 44 47 28 37 43 21 28 28 37 29 56 26 21 21 42 48 42 52 41 54 49 26 16 50 26 32 39 26 22 44 39 20 35 37 49 44 37 49 33 35 25 36 47 52 34 38 37 41 44 41 42 27 48 33 27 37 26 32 19 35 19 29 37 23 32 24 42 21 22 32 47 51 29 31 46 37 45 34 35 41 29 36 28 28 51 49 39 31 34 30 40 17 19 32 21 20 35 49 47 21 28 44 49 42 22 27 47 43 26 27 39 38 48 53 39 30 29 25 36 35 38 43 39 52 27 40 15 29 37 28 24 53 32 34 27 32 51 43 32 26 27 29 39 26 23 26 48 23 37 34 35 52 39 51 35 53 21 29 47 54 27 27 32 28 44 35 37 32 25 29 21 37 27 53 37 29 42 53 29 43 34 45 38 52 22 21 22 28 37 40 39 31 21 39 37 34 23 38 28 35 40 22 38 47 21 20 33 49 25 33 30 42 53 23 39 28 47 21 27 35 41 36 32 27 51 40 38 26 21 23 31 30 35 32 36 46 17 37 28 20 27 33 24 32 43 32 25 40 51 52 29 26 37 53 28 29 48 
57 30 25 28 33 43 49 27 51 31 37 38 25 37 35 39 43 44 40 46 33 29 39 29 38 42 47 47 
38 48 29 42 44 48 44 47 20 37 28 40 52 41 37 20 33 46 45 47 50 29 28 
41 25 44 37 27 34 32 29 48 27 33 47 41 37 35 20 31 33 42 39 41 27 39 24 51 33 42 27 49 33 32 39 22 32 38 25 32 51 33 36 48 27 28 53 50 48 19 28 24 42 50 42 18 30 20 51 29 24 47 38 53 40 33 38 25 37 37 23 45 38 23 43 40 38 25 51 41 30 51 37 48 48 33 18 43 41 38 19 52 30 32 32 48 41 51 55 50 25 21 20 25 20 40 53 24 28 43 42 48 45 47 37 52 30 30 42 45 31 45 20 39 24 44 28 35 42 45 27 35 36 43 39 43 41 41 37 23 53 54 48 41 28 26 36 19 31 38 38 24 37 19 29 34 53 51 47 31 39 48 17 41 47 49 27 18 27 43 30 24 39 48 43 24 50 50 45 32 42 37 49 53 36 21 30 22 35 31 25 42 46 34 27 29 27 41 50 18 36 50 35 46 28 30 54 22 40 49 31 36 39 39 42 53 35 49 35 57 54 39 25 42 52 25 39 46 27 49 24 42 33 51 18 45 45 41 46 31 42 49 26 38 44 32 41 32 43 27 40 50 44 34 32 42 36 37 37 26 41 49 30 22 31 47 35 23 50 47 42 17 26 38 30 28 35 33 35 37 54 40 43 30 35 44 46 25 29 20 42 39 44 47 49 39 44 32 35 36 24 41 27 40 42 27 51 45 32 42 52 41 27 29 30 36 42 34 29 17 31 46 27 30 36 35 46 53 43 41 48 53 32 31 15 42 26 43 49 25 52 39 34 21 43 46 41 55 35 45 33 25 47 29 33 38 20 25 42 26 36 39 37 17 51 43 59 28 54 28 38 22 57 33 42 45 49 23 49 19 30 17 34 37 27 48 54 25 44 43 44 34 26 26 45 29 47 42 39 35 30 44 36 47 42 37 40 52 38 25 35 43 29 40 36 25 36 21 24 46 43 31 42 39 44 49 21 40 47 31 45 22 20 50 50 43 29 33 43 53 41 45 23 31 25 40 41 48 31 49 48 30 36 43 30 35 43 32 43 40 50 33 27 17 46 34 24 20 32 45 23 35 51 49 25 38 47 38 40 40 44 31 44 21 40 42 54 41 25 45 25 24 42 27 50 54 44 47 31 48 29 50 32 31 29 32 27 41 21 48 40 37 31 45 40 57 29 43 32 46 48 31 50 49 48 27 45 31 32 35 36 38 21 47 28 49 32 30 43 25 35 49 23 53 24 40 20 32 28 38 59 31 36 38 45 34 27 43 41 26 45 19 42 50 40 41 64 21 32 24 57 31 16 38 38 30 39 29 30 41 45 27 33 25 40 19 48 21 43 44 50 49 28 42 47 20 45 20 28 39 48 43 40 33 30 17 54 34 25 41 40 29 26 42 24 46 22 43 49 15 41 38 43 42 25 44 20 43 53 44 31 32 28 46 37 27 37 30 33 44 24 43 34 36 32 30 45 33 58 43 41 39 19 37 37 26 34 35 25 22 29 29 49 45 53 40 32 37 22 27 27 35 49 36 34 24 34 35 39 58 32 42 49 46 27 38 38 49 49 33 45 25 40 24 48 20 25 47 32 22 22 20 36 44 27 51 39 30 30 47 39 46 35 47 35 48 47 29 46 34 31 48 33 39 31 31 48 46 40 43 29 42 39 25 38 33 44 49 20 38 45 38 35 48 46 47 35 43 29 40 31 27 37 51 46 53 44 20 23 29 42 47 25 25 32 43 21 46 38 44 35 46 41 48 43 39 37 28 50 45 48 34 56 35 46 48 51 44 44 27 45 46 36 43 47 44 47 51 38 42 21 52 30 40 25 22 52 26 38 49 39 29 53 47 32 47 33 55 52 40 38 30 37 46 30 43 51 35 46 36 27 36 36 33 39 48 16 22 36 57 50 31 41 40 50 32 31 28 25 45 51 41 47 26 21 54 28 32 32 27 54 31 36 30 48 19 36 31 32 41 34 30 54 27 33 43 52 33 42 20 42 48 37 47 33 23 40 34 39 49 48 34 23 48 54 53 40 51 43 29 25 20 41 34 35 29 41 42 28 42 31 28 21 34 43 42 31 31 49 37 35 24 53 32 19 25 38 48 38 58 46 45 29 51 25 33 38 50 28 57 42 35 41 57 41 44 33 25 29 19 32 43 40 31 48 40 23 30 29 48 52 28 45 47 33 31 19 35 40 33 44 48 32 33 33 57 51 28 25 41 37 38 49 
50 42 36 46 
65 42 39 51 
21 19 38 26 53 44 40 34 44 26 34 
50 28 18 42 
67 44 31 55 37 42 63 29 58 53 19 70 63 35 51 51 61 46 72 51 40 21 71 56 65 40 60 55 46 46 23 34 22 49 17 48 60 53 
46 26 43 25 43 39 34 33 27 39 20 40 33 52 21 42 21 35 42 43 44 19 33 46 51 34 43 
64 40 45 29 27 44 45 32 54 43 57 43 35 45 49 58 37 27 39 45 39 39 27 26 54 28 
45 19 39 40 51 27 44 42 51 45 64 42 36 38 24 38 46 36 31 27 37 30 19 28 48 47 42 29 44 20 31 48 44 25 57 44 42 30 39 46 24 31 35 32 28 29 34 38 42 38 30 27 29 42 27 24 16 
40 42 36 48 58 53 40 32 55 42 45 49 54 39 30 39 23 47 45 48 27 36 42 
38 46 39 45 50 32 38 43 29 42 43 42 
36 43 45 26 39 19 32 42 45 51 34 46 25 40 31 23 27 38 39 37 34 33 33 32 48 37 39 32 40 32 42 37 44 33 16 59 54 36 
49 42 22 43 49 46 51 45 51 46 38 42 37 43 19 39 52 
47 24 64 32 27 45 37 43 34 47 35 38 23 42 47 21 42 42 49 27 54 45 52 34 40 28 36 48 31 43 36 22 32 19 58 41 47 16 39 48 28 45 49 30 53 52 51 39 21 20 42 35 
29 20 27 37 48 31 34 53 22 43 32 35 
42 25 30 30 49 41 50 25 18 38 44 31 32 53 22 47 36 52 29 34 48 47 39 36 40 23 19 36 51 31 37 38 46 
51 32 53 32 22 47 31 43 28 31 47 37 44 27 46 53 37 42 28 31 44 46 22 43 32 51 19 51 42 18 46 37 46 26 30 28 44 30 19 35 47 35 46 38 48 
50 56 18 46 54 43 19 35 36 43 28 18 39 40 41 47 41 48 
34 39 33 30 29 48 41 51 30 52 
31 32 40 41 34 44 40 47 27 36 48 50 30 23 31 29 35 
43 24 58 38 
45 44 47 36 50 54 51 49 62 40 27 42 54 26 31 36 51 34 23 53 51 39 44 38 28 30 40 34 39 53 35 46 24 25 39 37 40 40 38 49 24 38 21 43 47 45 51 32 54 25 39 54 39 29 27 42 50 24 22 46 51 54 44 40 45 37 50 27 38 43 49 54 45 42 56 46 25 34 19 28 43 54 56 32 16 42 44 27 43 42 
27 29 59 26 
53 47 42 29 40 50 26 40 59 38 
47 49 24 34 
48 26 48 36 54 40 19 46 30 51 50 41 47 26 21 44 33 22 32 22 56 34 34 18 45 41 25 30 51 33 41 44 58 35 32 49 45 28 39 38 40 37 32 27 27 41 39 49 33 43 53 43 31 30 36 30 44 29 41 23 37 52 51 46 31 55 50 25 43 54 32 34 36 
45 28 27 54 39 
34 34 57 47 52 
59 55 18 42 28 29 58 26 33 38 47 43 19 29 26 47 42 27 43 57 28 44 51 50 43 
48 45 20 47 
36 51 31 35 40 32 28 33 16 20 27 30 35 33 46 33 42 24 38 49 19 31 40 48 23 22 41 30 37 41 
28 29 49 43 48 25 44 29 52 28 20 32 53 37 39 48 42 29 40 30 21 32 40 30 39 15 34 57 20 39 27 19 39 39 27 28 40 30 26 23 49 24 37 27 49 18 46 33 23 35 37 24 39 20 43 20 50 24 21 26 28 34 22 47 39 31 19 35 19 26 51 36 50 20 17 59 39 26 28 45 43 41 50 49 46 26 46 18 44 39 33 18 24 28 25 37 42 44 25 36 26 36 39 19 27 53 25 16 19 27 29 18 24 28 46 31 29 32 18 44 33 19 37 50 27 28 25 47 32 38 23 38 38 24 18 22 40 49 26 55 29 42 52 33 21 24 44 
36 37 45 44 15 23 49 40 47 36 30 44 
43 40 50 26 30 27 48 49 26 21 21 43 42 51 35 27 50 54 39 44 34 25 30 34 51 46 35 40 43 47 36 54 31 18 40 50 38 48 41 51 35 34 53 41 41 22 43 35 39 57 20 47 27 53 51 36 45 35 34 28 28 32 19 17 47 50 39 50 45 31 46 34 40 38 41 37 51 45 42 38 16 39 20 37 47 23 42 27 51 27 40 26 44 24 43 47 20 32 25 38 44 44 28 55 45 53 43 29 37 26 43 21 47 30 50 
27 47 35 40 34 26 49 31 28 23 48 47 25 22 46 24 45 29 25 27 20 41 32 35 29 54 45 53 31 23 30 29 41 27 46 45 25 32 23 31 29 27 25 22 25 53 19 26 54 20 32 27 34 26 29 35 34 39 34 46 40 21 51 52 47 25 34 24 27 38 40 31 38 32 50 29 42 37 47 34 28 32 55 26 40 25 24 27 
54 49 33 30 19 50 36 42 40 38 47 43 36 44 29 22 40 19 31 34 52 32 53 
38 43 43 39 
49 23 26 15 
33 38 36 24 29 32 24 61 41 33 39 21 17 58 37 29 33 32 34 27 55 31 23 48 
54 36 41 51 49 
44 29 25 18 44 47 47 39 31 54 30 30 
30 38 43 32 45 21 28 46 32 52 19 36 24 30 33 18 24 30 52 15 36 40 49 47 30 17 50 
54 21 37 47 
31 33 45 37 41 43 44 22 45 43 36 40 35 30 53 21 32 21 43 
37 36 21 31 49 52 48 25 29 34 15 
39 29 51 34 31 
44 31 24 47 33 50 39 48 47 39 47 39 32 28 20 44 42 37 27 
40 35 41 44 
31 48 27 34 23 48 48 41 39 56 42 28 48 47 48 30 44 35 55 32 43 
46 47 36 58 25 
29 38 26 43 22 
54 45 41 32 
37 36 40 34 
51 32 53 16 36 41 42 38 47 53 44 48 37 35 43 21 
31 22 32 41 46 35 31 44 30 38 
48 43 15 44 25 48 27 46 42 19 18 38 28 34 30 45 55 32 42 
37 17 36 50 36 38 42 34 44 45 46 31 36 28 27 40 45 46 40 58 35 39 17 19 35 41 52 45 26 53 28 35 58 36 28 49 31 36 42 19 47 17 36 22 52 33 38 
42 25 42 23 27 53 43 42 42 47 30 32 32 41 44 36 32 43 29 23 36 23 44 43 52 30 30 33 42 41 32 21 33 29 42 41 33 51 35 43 40 49 53 44 39 44 
22 58 25 47 
25 23 43 23 30 20 38 35 36 30 21 32 49 37 43 18 18 40 31 28 27 
58 35 24 60 
59 26 34 30 31 54 44 52 48 20 38 20 42 20 44 33 48 37 47 32 40 26 38 46 31 54 40 32 34 29 45 44 37 46 35 19 38 56 37 49 28 33 15 37 41 19 49 19 59 32 35 25 53 18 26 39 20 44 49 38 32 38 42 31 46 39 51 30 40 54 42 45 49 36 37 42 43 59 36 43 27 31 30 48 30 35 41 35 35 49 44 22 41 22 
50 53 45 49 
48 24 47 39 43 40 38 35 47 54 50 27 40 
22 20 30 46 
45 19 29 44 35 
24 31 37 37 31 36 23 46 23 28 20 29 33 26 38 28 22 30 28 21 39 36 33 32 23 25 36 40 37 17 34 43 54 24 31 25 38 30 41 31 18 16 55 16 40 20 23 36 40 16 30 29 46 40 45 47 22 30 29 
41 33 34 52 29 18 44 44 54 18 50 
54 52 30 18 49 42 43 30 54 44 26 42 49 26 
56 31 41 42 31 17 46 41 48 44 51 34 42 19 39 35 29 47 50 
58 48 35 41 32 55 42 26 41 41 42 40 47 33 21 15 48 47 44 41 31 34 53 
21 41 18 39 23 21 28 23 20 21 41 21 55 28 20 44 35 19 57 56 39 22 25 36 32 26 35 25 22 19 43 25 24 35 42 24 41 30 43 27 24 27 46 47 34 52 27 35 34 41 18 21 40 15 46 26 19 57 17 46 44 40 33 22 31 27 30 42 30 18 28 43 36 48 25 32 35 39 21 39 26 28 16 36 25 26 49 28 35 36 54 45 25 42 36 38 35 29 35 37 22 37 31 30 25 20 56 19 18 20 24 50 31 26 28 19 40 41 26 21 30 31 28 52 27 27 30 34 25 43 46 23 22 37 38 36 19 38 19 29 35 57 23 60 35 31 22 30 32 50 45 31 49 33 47 27 29 
56 50 36 38 45 
51 32 17 41 
24 49 39 32 24 29 28 48 23 28 38 35 42 
51 25 28 38 34 58 45 36 26 22 17 29 43 39 41 47 53 
32 28 32 46 26 44 44 43 30 40 27 48 33 34 43 57 51 
30 23 59 36 42 38 36 47 29 19 42 24 39 49 34 45 33 30 39 38 28 22 30 32 28 22 50 27 39 21 33 33 16 44 43 21 31 39 26 30 38 41 39 35 
30 29 32 31 45 
47 33 23 36 33 27 33 38 44 33 33 48 42 44 46 33 47 30 55 41 41 34 44 38 33 34 35 34 
37 37 37 46 19 25 23 23 45 50 39 37 44 37 37 51 29 19 23 36 34 44 39 36 
26 48 27 39 26 26 35 36 25 27 32 16 31 39 28 41 24 36 17 20 26 21 53 39 43 27 50 46 34 24 32 25 24 18 38 45 35 35 42 28 
35 39 41 32 
49 45 36 24 
54 56 47 33 
24 34 25 42 26 
37 57 47 42 46 32 37 28 44 44 36 25 33 28 40 29 41 37 46 37 57 36 18 20 36 40 40 41 34 35 33 32 45 52 37 44 34 46 33 31 48 40 38 43 41 30 44 51 39 41 36 47 33 49 39 43 43 40 
39 19 52 25 45 46 30 51 38 58 31 41 20 26 
29 22 20 34 30 30 26 45 19 26 39 54 44 27 
29 59 34 46 56 32 29 51 28 24 24 
49 43 31 25 37 45 34 37 51 56 40 42 
46 37 27 31 42 37 48 31 43 35 24 50 22 25 24 
17 21 42 19 34 23 32 23 42 18 45 19 31 18 16 29 21 19 
29 48 42 58 23 
58 57 56 42 
54 24 26 51 43 46 32 56 19 52 56 32 45 48 
31 27 36 40 28 36 32 20 39 41 37 
48 40 25 33 30 32 28 26 31 41 19 33 40 46 46 42 39 33 26 48 45 44 57 37 19 30 37 32 37 32 53 30 31 44 31 44 42 30 44 
36 53 48 46 34 28 46 38 36 43 36 39 35 36 36 34 29 37 18 31 34 35 48 20 53 34 32 26 19 38 38 49 36 27 20 53 31 38 38 
57 58 54 40 25 
30 46 48 25 30 45 37 29 34 36 39 37 47 40 30 45 34 34 27 28 46 47 45 33 35 44 25 51 31 27 45 42 40 30 37 51 51 24 35 36 42 22 26 22 31 18 32 33 23 35 43 43 30 56 36 33 47 29 45 29 30 32 30 44 42 28 38 35 19 45 29 25 53 25 31 35 29 32 32 48 20 27 30 52 33 31 48 28 47 30 24 35 27 45 25 35 32 48 33 31 35 24 51 45 43 36 27 48 31 49 41 39 51 39 32 32 32 38 21 46 27 41 32 31 44 47 28 33 49 
53 22 55 35 
48 26 28 30 37 
30 28 25 46 32 25 56 48 22 25 20 40 31 47 37 43 30 34 42 21 38 23 46 35 
20 45 40 18 18 34 44 41 43 18 19 30 38 
33 38 31 27 31 35 54 39 21 31 26 34 47 50 32 28 34 19 35 50 30 31 32 25 36 29 19 40 46 38 37 25 38 35 52 26 39 40 34 45 
35 49 37 33 52 47 28 40 26 25 18 40 16 25 46 22 45 27 31 41 41 50 50 48 26 27 32 42 42 
47 32 21 32 30 36 50 41 54 41 37 38 32 41 52 30 42 35 43 46 
37 44 36 26 28 
20 42 48 23 50 
41 44 41 23 26 17 39 43 48 49 31 50 27 48 47 47 38 21 
49 23 43 43 40 
65 22 55 33 23 33 27 68 20 54 48 28 44 42 
57 37 51 54 36 38 53 40 23 43 59 43 32 31 46 46 41 47 30 51 42 30 51 47 33 21 41 52 24 28 30 36 50 29 28 33 47 26 32 43 40 36 19 48 47 22 52 51 44 24 31 28 37 37 45 42 54 46 50 32 45 48 48 46 22 49 25 35 43 34 18 42 26 42 25 32 47 23 40 29 28 25 49 51 
30 35 24 46 26 38 32 20 22 44 30 53 34 20 20 57 54 30 43 46 31 34 45 49 21 58 34 43 30 24 28 36 20 36 51 20 35 35 29 58 33 37 26 33 33 35 31 47 54 42 37 54 33 24 27 35 57 22 48 20 47 34 21 31 44 47 33 31 43 46 46 46 42 37 45 50 38 47 37 45 18 25 31 18 48 24 43 25 54 35 33 23 25 50 40 29 27 53 
28 15 40 30 31 46 28 33 30 26 39 32 28 25 32 27 35 33 37 37 30 25 37 24 23 27 52 36 32 30 29 52 16 26 29 27 41 41 52 26 42 30 34 41 18 28 33 30 19 25 20 55 28 29 30 29 51 28 45 46 26 42 20 42 44 38 34 30 47 18 33 30 37 19 34 31 28 24 36 41 16 49 22 27 28 20 27 20 18 25 47 29 25 18 47 17 44 26 55 36 33 46 54 50 27 25 28 35 34 17 32 41 25 49 49 43 17 17 44 38 19 23 34 25 20 37 32 31 47 41 28 35 37 42 31 54 51 32 47 19 40 51 18 50 47 22 53 37 30 32 22 26 28 35 40 33 25 50 29 48 39 44 51 53 26 41 29 19 27 20 17 37 47 18 28 42 31 46 31 20 36 27 35 22 31 16 32 31 26 40 38 23 41 45 27 50 39 29 25 51 40 53 33 25 41 40 45 27 34 43 29 40 25 18 30 28 30 47 23 39 46 28 26 18 22 30 25 42 25 47 19 51 21 35 18 34 46 25 31 39 43 21 42 36 18 37 40 37 37 38 18 25 22 24 21 18 42 37 19 40 27 44 35 40 16 57 32 21 30 46 44 38 21 43 27 26 52 39 21 25 32 29 38 23 47 44 27 25 45 25 53 59 18 48 28 28 42 45 47 41 42 48 26 19 27 
52 38 45 30 50 32 41 45 19 30 41 37 48 
52 29 49 32 33 54 39 40 46 27 17 38 28 30 35 32 43 28 31 34 40 34 33 44 56 45 28 45 16 32 35 34 50 24 30 29 48 38 26 54 22 18 50 44 45 35 53 46 32 46 39 18 37 38 37 41 45 41 52 46 28 28 28 50 44 35 29 25 44 53 35 43 32 48 46 41 31 45 38 35 53 30 42 36 33 44 34 53 33 42 39 26 41 19 
27 35 23 38 40 28 20 19 20 33 34 49 53 28 28 21 
40 28 22 26 32 
50 37 41 40 30 19 40 29 46 26 49 26 
43 21 20 27 54 39 49 21 57 49 38 53 27 43 47 52 39 54 48 
40 25 39 42 
29 43 30 18 
37 24 39 37 23 28 30 23 38 20 39 26 42 37 45 45 48 35 47 52 28 38 38 44 35 43 27 40 43 21 36 37 38 24 36 
31 31 32 44 32 23 45 58 35 56 43 51 45 52 
38 45 35 40 
24 37 37 32 33 
36 43 45 23 21 
59 32 47 28 
32 21 53 24 41 25 21 44 28 30 41 54 36 26 
25 25 46 42 
35 40 21 31 47 51 41 49 37 48 33 31 31 33 35 27 39 21 21 44 50 31 41 33 32 18 54 27 46 38 27 25 18 18 30 44 36 18 37 42 46 30 42 20 33 45 31 44 38 40 20 37 58 26 47 27 35 41 58 62 27 37 36 48 42 35 31 45 27 30 31 27 59 35 
52 54 50 34 45 48 52 29 44 47 23 52 43 
53 48 45 43 48 45 40 32 48 26 
35 52 44 45 29 30 45 41 53 45 22 20 42 
53 58 53 47 51 47 20 43 47 42 44 43 38 46 44 44 42 
45 46 31 20 
45 41 38 31 21 43 30 49 40 30 46 30 42 52 32 38 
49 26 47 43 54 35 54 31 29 26 38 41 54 33 41 54 45 47 34 51 30 35 40 57 31 45 35 47 41 31 26 43 42 23 17 31 32 44 20 50 40 36 25 38 26 40 45 49 32 49 27 46 40 26 23 23 29 21 31 33 37 27 21 29 51 30 38 47 30 34 35 19 44 19 33 23 47 20 49 47 47 
54 40 44 30 
52 19 48 29 
27 27 17 19 30 41 46 38 39 20 29 45 18 47 27 48 27 23 40 29 27 30 46 46 38 47 28 48 21 30 35 39 51 40 31 29 48 18 32 34 27 27 21 37 17 39 44 44 24 52 43 41 39 57 20 35 29 
23 37 39 18 36 41 23 22 29 36 20 30 47 39 23 25 27 51 44 27 27 18 
33 44 32 32 41 
42 22 31 27 34 
51 17 24 20 47 46 34 25 43 23 48 34 50 23 
49 44 48 15 31 31 21 18 20 46 33 46 51 30 36 41 27 26 49 54 42 20 31 24 48 43 43 18 27 48 46 15 37 31 37 28 49 16 46 28 18 33 43 50 50 49 30 45 38 30 39 37 33 33 40 18 40 39 30 47 18 46 41 25 26 48 46 53 30 40 39 41 40 30 25 37 40 26 39 26 54 39 26 45 27 37 35 39 40 45 38 36 25 47 37 41 38 28 36 46 38 38 43 46 50 48 43 53 26 49 32 42 41 42 47 39 40 59 15 46 39 35 38 45 47 32 49 43 25 47 27 41 51 47 43 39 32 29 49 20 49 18 25 48 32 28 44 41 36 51 53 41 53 56 36 25 24 62 43 34 35 21 48 35 45 32 44 43 59 40 45 47 31 45 53 31 37 48 43 37 52 16 43 19 58 48 31 19 39 53 52 49 54 54 46 35 19 34 26 28 26 44 59 23 28 39 27 53 33 63 29 43 32 32 49 24 29 38 19 41 48 36 44 45 51 55 31 46 53 32 49 44 44 44 38 31 29 39 41 15 45 23 53 40 22 19 44 16 20 45 58 25 37 28 26 41 46 26 38 40 
44 24 39 39 50 
55 47 36 37 
46 27 42 41 28 16 38 30 28 50 29 38 36 40 32 30 24 44 42 21 30 29 30 30 17 29 50 42 52 42 
48 40 44 25 51 43 53 23 38 34 43 31 21 32 
24 37 32 22 31 39 45 50 22 37 
28 28 37 19 44 35 37 42 30 39 38 16 36 40 50 26 25 46 31 40 30 31 29 22 40 28 36 31 28 17 29 31 21 54 26 28 28 48 37 33 
43 42 41 37 
55 49 47 28 48 54 29 30 35 40 
54 59 30 52 49 42 31 31 26 49 30 52 30 42 42 
36 52 21 26 
29 25 25 28 27 30 53 23 31 22 23 
52 40 43 17 38 54 50 30 47 40 
43 19 26 41 46 33 31 34 39 44 31 35 25 33 37 34 49 
54 54 44 37 28 41 50 26 35 54 49 39 50 49 39 16 51 42 49 27 39 28 33 54 30 44 47 37 31 42 43 43 27 49 35 47 23 32 48 38 45 44 48 22 18 53 23 36 18 18 27 29 37 30 25 31 35 34 44 56 37 58 56 47 44 23 28 35 36 25 49 33 56 25 40 35 54 30 49 27 54 50 44 31 50 38 35 48 47 44 28 40 50 51 49 52 47 24 39 25 38 46 33 35 56 37 44 31 40 53 46 54 40 34 27 35 20 43 41 48 52 44 49 46 43 49 35 44 51 37 43 45 48 48 49 25 47 40 36 20 26 35 43 51 49 34 30 19 42 39 35 44 25 45 18 49 41 34 41 51 42 33 40 42 46 27 39 18 24 54 31 29 50 30 49 43 43 46 35 34 29 31 23 41 27 46 45 16 46 36 44 28 51 47 50 29 42 52 53 33 47 48 50 34 24 34 35 45 47 40 24 51 43 48 36 54 38 31 41 52 40 45 38 54 45 42 31 42 43 37 41 51 25 44 29 24 50 59 57 24 53 46 39 
65 21 60 26 58 58 54 19 55 54 25 47 17 64 33 22 36 29 
51 15 28 35 43 29 42 30 43 34 45 49 28 41 44 41 35 51 48 
33 21 28 45 44 
43 27 30 41 44 49 25 40 43 52 
22 21 43 22 47 18 23 43 41 22 25 15 31 55 
53 19 57 32 45 41 
61 44 20 22 51 49 29 52 34 36 18 39 38 20 38 
51 32 47 36 19 51 44 31 46 47 37 46 32 53 33 49 40 49 46 41 28 48 21 44 26 18 41 30 41 
63 47 38 42 
54 48 36 23 32 38 46 25 41 20 54 
37 28 51 43 39 28 33 48 33 21 38 21 
53 28 35 23 41 42 26 41 37 44 24 43 
57 38 42 41 
34 44 22 47 
36 37 38 34 18 50 48 21 40 46 42 17 40 16 24 30 28 38 34 25 19 41 23 30 39 49 59 26 26 43 29 44 59 29 52 
45 30 47 22 39 41 18 40 45 26 35 24 50 36 44 34 33 44 38 54 44 35 36 43 49 29 35 30 59 47 37 49 37 53 37 18 49 40 32 41 47 25 37 26 37 
26 45 33 20 
44 25 42 38 52 
51 40 30 21 44 33 26 46 26 36 32 49 16 30 25 45 48 42 27 49 30 22 48 42 49 38 
43 45 44 39 
49 42 25 42 35 46 49 28 26 48 39 27 43 54 38 46 44 
28 37 34 33 39 
55 52 18 36 48 25 31 37 45 35 43 42 52 35 41 30 50 41 29 22 43 33 44 42 30 30 26 43 38 46 40 48 36 51 46 38 51 41 43 26 39 33 40 31 41 30 43 37 46 53 52 31 44 25 39 41 48 36 42 49 62 30 41 19 40 38 19 24 57 30 46 27 33 29 40 41 44 35 45 21 44 35 55 18 23 37 40 26 37 45 31 36 29 43 38 27 51 21 29 44 27 37 36 32 51 35 40 40 32 46 17 43 45 45 33 31 57 41 35 53 53 26 40 35 27 52 21 52 31 41 51 41 47 30 37 37 44 50 40 42 36 30 37 23 53 43 52 21 47 36 18 54 62 49 45 27 27 27 29 53 30 25 46 37 42 46 38 28 40 21 17 22 35 49 38 49 32 43 29 23 29 49 39 38 43 44 28 31 48 54 45 49 54 23 26 33 23 56 54 42 40 38 31 43 50 37 32 26 15 41 17 31 37 39 32 32 19 48 34 41 38 27 52 38 33 35 30 28 26 35 33 54 54 20 19 43 41 40 49 20 53 40 21 47 20 43 42 20 30 56 52 36 54 32 43 53 43 47 52 43 42 42 41 26 26 49 53 34 57 30 40 58 32 50 42 40 36 34 27 38 35 41 30 30 19 45 42 25 34 48 30 29 50 26 38 33 45 40 33 50 41 35 41 34 41 38 41 25 48 45 15 47 51 29 35 31 28 36 26 18 50 40 56 26 44 19 45 28 36 26 30 42 52 45 26 21 37 41 53 30 56 43 49 18 44 32 51 33 44 58 28 37 44 46 46 36 48 47 40 24 22 27 26 37 53 44 35 21 44 46 28 35 47 46 34 39 38 50 32 20 51 32 39 45 27 40 41 26 46 32 39 38 31 47 54 40 38 42 42 40 45 35 15 38 32 45 46 35 34 47 18 45 23 28 40 28 54 23 46 44 39 40 26 31 48 57 43 26 47 55 25 28 43 50 28 39 31 37 28 48 34 25 42 33 37 25 32 16 47 26 22 36 16 25 38 28 49 59 46 42 45 50 18 42 32 48 42 21 39 48 34 43 45 21 42 40 37 34 42 38 33 27 54 48 54 48 16 41 23 42 15 22 26 32 37 23 30 38 44 53 49 17 29 47 27 38 26 31 35 27 35 44 43 27 43 48 27 18 37 47 40 41 19 45 45 21 47 48 49 35 51 45 30 33 35 42 51 45 27 28 50 19 47 45 48 37 54 48 44 56 40 32 38 44 34 34 40 38 43 40 33 42 31 36 35 31 40 25 51 41 25 41 34 39 27 19 31 47 30 17 51 46 45 39 45 41 43 19 54 31 50 21 46 27 42 59 44 43 45 51 58 54 45 25 19 32 53 25 20 38 46 38 38 42 50 32 30 29 23 52 37 35 45 40 23 36 59 41 46 52 54 19 22 19 53 30 54 17 54 56 37 40 41 36 41 51 19 45 37 32 36 44 40 26 20 25 19 31 34 48 52 37 38 33 54 26 29 31 18 37 50 37 57 37 43 42 54 49 29 32 46 30 48 33 17 31 28 47 37 34 28 57 46 47 23 56 51 52 23 37 31 47 26 37 15 41 44 54 29 20 56 52 52 41 49 45 49 53 31 32 43 15 25 33 39 24 39 32 28 32 31 41 39 45 41 41 43 43 45 42 64 17 51 37 38 37 32 46 31 36 48 25 40 36 30 51 34 30 27 41 35 22 47 33 25 39 35 27 29 59 41 28 27 62 17 17 42 31 42 31 54 41 43 52 18 50 27 18 51 30 61 36 46 35 45 34 41 33 18 26 54 43 32 27 37 57 47 46 30 17 18 28 54 51 28 23 37 32 45 39 32 58 36 23 52 47 39 56 32 33 54 41 50 38 52 32 47 43 18 42 28 29 33 27 27 36 43 39 44 26 41 29 27 31 46 22 32 37 45 33 48 23 38 40 43 35 45 35 25 36 22 25 
57 58 38 26 43 49 46 32 20 40 52 49 52 18 
28 39 19 42 29 33 26 20 26 31 18 21 52 33 39 38 47 44 41 28 18 38 53 20 42 21 50 31 
38 54 49 18 38 44 39 41 44 19 32 48 25 15 25 40 28 27 33 43 47 47 50 36 35 58 45 32 28 30 45 26 19 35 39 31 49 38 22 25 35 37 38 27 38 25 37 41 29 32 28 52 19 38 43 22 48 25 35 39 21 20 41 29 45 38 33 36 34 40 42 48 28 41 28 33 29 59 48 22 46 43 36 18 
72 58 59 39 55 
63 35 34 49 
32 20 28 39 
28 28 40 31 25 53 21 36 25 47 44 32 18 34 54 19 36 27 20 31 21 19 19 53 42 32 23 31 30 54 19 29 55 40 48 46 22 30 28 21 28 
31 35 53 42 48 20 33 33 30 21 53 
35 43 49 43 
36 54 36 25 47 32 46 31 23 41 37 44 49 
54 38 43 46 37 26 43 46 46 56 27 25 47 40 30 34 43 35 24 45 46 34 53 36 42 43 
44 41 39 27 
55 18 32 47 32 
52 45 26 53 49 48 15 44 43 57 
56 34 40 35 42 18 41 50 32 46 43 48 40 47 44 26 36 18 57 46 31 29 16 41 48 45 41 34 50 43 53 26 22 53 43 
39 19 40 15 
28 38 26 26 28 38 28 30 41 37 28 27 43 32 25 38 39 32 26 35 34 43 17 48 30 28 26 54 43 29 36 20 25 33 46 32 48 50 44 31 26 38 30 41 53 23 28 28 23 48 29 25 25 21 29 28 31 43 39 31 34 43 26 18 49 34 18 44 41 39 50 25 17 24 43 35 20 27 41 
50 39 22 34 31 20 48 47 23 27 38 
39 41 52 39 
32 54 25 33 36 38 43 52 53 41 20 30 26 19 48 54 38 21 49 25 47 33 46 17 34 18 31 40 24 18 32 26 46 33 30 44 33 36 36 32 42 39 32 31 55 36 49 41 20 43 47 21 25 36 29 24 37 38 31 55 33 32 31 22 32 45 23 41 24 42 41 30 64 25 25 28 21 26 37 45 30 31 51 52 27 53 40 27 47 27 31 33 24 31 40 37 18 37 38 46 35 30 33 35 46 42 16 50 23 28 24 47 26 21 44 34 32 29 31 47 34 38 32 31 44 30 39 
59 54 
33 35 26 51 26 
37 36 21 44 
27 35 25 31 25 26 26 21 44 19 29 20 26 26 38 27 31 50 23 41 28 38 45 29 40 33 23 29 18 29 43 27 
24 52 25 19 37 41 26 57 31 20 24 21 26 29 35 
45 47 54 52 33 31 34 41 41 46 43 34 38 26 49 55 41 18 50 
54 51 43 54 30 
40 45 52 53 27 45 40 32 44 24 48 30 35 43 35 40 44 20 29 42 27 22 55 40 51 49 31 38 42 
33 38 29 20 35 44 49 31 35 32 39 28 34 43 23 29 23 58 26 33 25 54 53 18 18 28 46 33 30 42 35 44 40 35 23 44 19 31 32 38 47 53 33 38 52 39 34 38 35 19 31 41 46 23 31 29 19 28 28 18 44 26 40 20 27 18 30 47 47 41 35 41 34 18 32 52 50 40 29 35 23 29 43 38 36 36 29 27 32 47 25 47 45 18 49 21 25 33 20 44 31 44 36 43 48 35 20 49 46 42 40 30 42 30 49 28 23 35 48 40 23 29 37 46 43 43 25 37 19 40 29 18 41 39 32 35 48 24 21 20 49 25 29 39 35 38 35 42 21 44 32 32 21 46 46 34 40 38 37 37 53 35 39 40 41 47 21 45 49 37 34 31 38 30 48 41 33 22 37 49 38 30 41 32 40 23 28 48 41 
29 42 29 27 26 
57 20 32 49 47 56 52 31 58 24 44 32 28 25 41 53 24 37 46 53 35 45 47 26 33 27 54 52 29 
47 33 33 49 23 21 32 38 32 52 42 48 
29 27 23 40 19 19 38 39 31 31 
47 47 31 45 44 27 49 51 45 19 39 35 39 43 31 38 44 46 31 54 34 32 31 49 45 23 16 39 27 
55 19 60 38 43 
30 30 37 30 38 35 39 20 27 39 39 53 48 30 33 43 30 25 
47 43 52 21 
55 53 59 44 38 47 44 40 48 54 27 17 30 46 44 
38 30 46 36 53 35 25 25 32 27 32 16 33 
46 40 27 33 47 26 43 34 50 33 
46 21 28 39 25 29 42 37 33 46 44 31 31 43 41 39 20 41 30 54 21 54 32 25 49 36 54 48 36 42 37 42 19 33 58 41 33 44 45 45 51 49 23 52 36 24 32 39 30 42 27 29 30 42 59 49 48 24 27 46 34 19 46 47 29 31 32 23 43 37 36 16 53 37 28 44 25 41 36 38 28 48 39 44 34 22 53 50 23 27 31 49 22 24 45 57 39 46 46 40 52 27 27 49 36 42 42 50 44 43 30 42 45 36 48 34 36 42 37 35 48 47 20 23 26 38 46 44 35 43 49 41 51 35 41 46 38 41 29 24 43 50 46 49 48 32 44 26 49 22 22 21 29 46 39 36 32 41 28 49 23 30 25 44 47 41 35 53 46 36 29 38 32 43 43 48 54 37 33 34 
24 20 26 25 39 
28 22 40 38 25 48 45 40 41 40 27 26 40 34 27 44 32 28 25 49 21 26 24 32 20 54 32 27 55 26 27 27 51 27 58 31 20 29 24 26 50 54 36 34 52 20 48 42 30 41 22 41 32 29 26 25 22 48 27 30 32 39 21 38 38 27 20 31 26 33 36 45 33 41 27 44 36 25 32 51 48 24 39 28 21 33 31 29 26 41 37 23 30 28 38 40 42 37 21 23 37 21 44 40 24 26 33 29 50 26 48 26 29 31 36 35 39 20 29 32 47 31 38 41 31 47 45 25 39 33 41 26 30 24 26 23 53 23 49 30 48 21 48 30 43 37 26 39 46 53 47 47 52 26 49 30 57 22 35 21 44 46 40 23 35 34 21 35 26 48 29 58 54 27 53 55 29 53 45 24 28 37 29 24 51 25 39 26 38 46 24 39 33 40 36 50 59 26 25 54 36 33 46 47 54 34 25 29 44 38 44 39 30 32 22 37 28 32 28 49 39 27 29 20 36 37 43 49 20 32 47 45 60 25 36 31 30 24 42 53 26 41 24 32 27 26 36 23 41 42 33 36 28 53 49 36 20 35 42 29 35 23 56 26 56 27 29 61 36 38 38 44 35 30 37 27 40 33 27 22 34 42 30 51 28 44 36 49 54 20 23 41 35 28 31 25 51 25 39 50 25 44 24 41 29 24 26 52 44 49 44 42 27 38 35 21 23 47 28 29 47 49 25 40 32 31 20 31 41 31 42 28 21 45 37 20 29 31 35 24 35 28 43 30 27 26 31 25 23 30 46 27 37 54 44 50 29 32 35 34 28 49 32 30 42 42 35 20 27 24 49 26 57 30 36 20 25 43 36 28 44 46 36 27 24 53 49 41 47 53 29 34 26 34 28 28 39 35 27 27 52 43 25 24 29 35 42 38 45 40 54 27 27 26 40 44 32 25 29 56 42 53 26 29 42 23 20 48 45 31 39 40 35 30 33 44 32 29 30 27 54 28 44 47 25 30 37 25 25 42 26 43 28 27 21 37 27 21 33 36 26 32 22 23 25 27 31 40 43 29 37 26 45 51 30 54 28 48 42 32 30 42 40 25 47 29 24 29 34 31 37 25 25 36 52 30 45 27 27 45 35 46 45 38 38 21 44 39 28 37 34 31 27 22 24 45 51 35 43 52 21 40 36 46 39 41 33 22 59 34 36 27 31 34 55 20 26 25 50 41 41 34 36 21 61 35 26 36 28 25 26 53 28 21 21 28 20 21 42 20 45 54 27 30 39 23 24 41 31 38 36 23 32 27 50 41 29 57 26 40 30 42 20 42 53 28 40 49 42 44 27 33 52 47 28 41 28 20 26 25 36 29 32 50 40 22 34 25 47 28 39 29 24 27 39 41 29 29 47 30 33 29 43 46 54 24 43 42 34 46 20 36 22 32 39 38 38 25 56 38 22 36 23 33 39 34 32 20 38 23 28 26 25 26 31 29 25 39 31 30 42 41 25 27 27 31 22 34 51 36 30 25 48 50 49 26 31 40 39 42 34 43 35 33 39 26 25 25 38 41 34 50 34 39 41 49 58 29 39 50 41 26 20 31 22 26 35 26 27 51 25 31 64 40 20 47 53 29 49 47 24 29 24 29 39 31 20 42 32 54 47 28 40 49 47 26 55 23 49 37 51 30 31 39 29 22 49 26 28 40 27 30 50 23 51 41 41 47 37 37 31 29 33 29 27 32 25 35 42 42 55 45 24 40 36 29 25 22 20 33 20 35 46 37 40 44 40 23 51 41 24 40 54 23 35 41 23 
32 54 25 40 
47 47 37 30 
44 40 44 48 52 56 42 46 45 34 42 32 39 54 43 31 29 46 28 44 30 44 48 40 52 44 32 30 44 51 43 31 36 36 48 24 60 
64 43 40 41 32 44 24 56 34 38 40 56 52 41 50 47 49 34 44 51 25 42 43 49 
48 27 52 34 27 27 38 34 54 36 46 39 47 33 47 39 32 42 24 40 30 54 32 46 28 38 30 39 24 25 37 28 27 31 49 50 48 29 46 44 31 39 34 33 49 45 36 36 43 34 49 38 38 28 48 22 37 36 37 41 36 42 49 48 48 35 31 46 24 32 34 58 32 40 26 40 40 33 32 40 41 36 21 43 36 46 50 31 53 46 33 45 22 48 48 38 45 50 38 31 24 59 40 31 34 39 46 40 44 28 40 54 45 40 45 52 42 27 29 29 23 53 43 44 46 41 50 51 33 37 46 52 45 36 41 55 52 51 31 53 42 31 40 53 26 32 21 31 44 29 52 45 40 53 40 45 33 42 45 32 41 33 27 37 32 38 47 33 46 45 54 45 46 49 45 47 22 49 38 23 25 44 31 39 34 43 51 27 32 42 32 41 38 38 38 26 43 43 33 53 43 31 44 36 38 53 41 35 43 26 32 46 51 48 50 37 31 44 36 35 32 39 22 37 40 24 34 31 53 30 51 39 20 38 39 29 33 45 21 50 43 35 36 45 37 40 36 39 56 42 42 30 20 41 42 39 39 39 38 34 43 43 44 52 43 49 37 53 42 56 25 31 26 46 39 25 44 48 27 46 20 27 40 28 30 48 44 42 47 27 31 43 29 25 20 29 55 35 48 31 33 35 31 43 32 35 36 58 42 49 39 46 30 44 46 26 54 32 45 43 45 44 26 39 42 42 35 32 34 33 37 28 44 52 58 31 35 47 20 44 30 22 31 43 48 39 33 39 45 43 54 48 43 35 35 44 37 38 26 27 50 22 51 29 39 47 29 33 41 52 41 28 44 38 41 26 32 43 38 41 22 47 42 48 34 34 54 45 30 41 25 40 31 47 54 43 43 29 23 45 29 35 39 48 54 47 37 25 28 51 34 30 35 54 41 54 26 46 45 27 47 38 29 38 40 27 41 37 21 48 47 37 47 36 46 43 29 26 28 41 36 32 52 57 45 39 33 43 44 46 59 53 50 42 29 40 54 43 45 42 32 50 27 29 42 23 51 32 32 44 48 42 33 27 31 45 29 29 40 37 31 44 44 47 43 48 48 23 48 41 32 40 46 32 20 52 41 56 36 40 32 44 36 48 45 45 34 35 31 41 44 42 51 49 39 20 24 22 37 46 30 33 41 46 42 48 32 54 28 33 40 23 29 39 38 43 48 40 32 39 48 46 35 48 28 38 49 36 45 40 49 40 37 35 53 52 36 37 44 43 50 34 35 45 38 41 49 29 35 35 20 48 20 54 44 37 26 26 44 35 26 36 22 56 37 21 36 29 36 52 54 32 45 23 49 31 41 36 51 20 33 31 47 56 44 23 47 33 40 52 47 45 47 23 48 25 28 51 26 46 47 49 53 39 39 42 46 31 35 23 28 41 20 29 47 30 38 44 27 40 33 38 27 40 49 35 47 21 40 44 49 39 25 24 36 39 25 36 29 30 50 42 26 46 33 40 26 32 39 38 23 43 34 34 26 34 47 40 40 44 49 58 40 35 33 50 46 42 24 41 26 49 50 29 40 38 39 41 46 26 47 54 28 23 43 41 33 29 46 38 39 42 38 43 49 59 45 25 47 54 49 43 48 33 44 44 33 22 45 43 51 35 41 28 29 28 40 41 32 54 47 47 22 38 40 45 37 25 39 55 21 33 47 23 28 44 36 51 31 33 50 24 37 30 41 23 52 31 30 36 38 36 30 40 26 50 32 28 41 27 38 53 41 27 36 46 35 44 49 36 49 39 45 51 36 51 50 38 45 20 46 60 43 38 35 44 30 39 30 46 38 27 46 52 28 28 39 25 54 21 33 56 35 29 28 46 31 48 42 50 43 45 38 42 43 29 39 39 36 46 42 44 20 40 49 38 50 47 35 30 30 44 37 42 32 39 21 43 32 38 43 48 44 47 46 25 35 39 29 24 43 25 32 33 40 52 52 31 30 27 21 27 51 54 44 36 54 
30 50 46 41 32 
26 25 33 41 52 49 30 40 33 24 49 35 
28 29 28 37 20 43 53 27 27 28 29 29 40 37 34 28 26 28 24 43 27 34 38 20 30 21 
59 36 27 36 37 50 36 43 42 52 38 24 31 20 49 47 48 40 41 33 32 35 44 41 33 48 43 37 44 49 55 32 46 49 37 42 29 45 48 41 43 50 52 34 32 55 47 53 55 
51 34 48 41 
26 33 42 49 44 29 25 36 28 22 25 34 38 52 28 43 21 33 
25 29 38 26 21 38 22 21 35 44 28 30 36 27 35 
69 54 30 56 45 45 23 22 44 33 
59 49 42 28 42 
49 31 53 49 43 30 32 56 30 29 40 48 35 22 47 32 54 49 35 43 49 47 33 30 42 51 37 30 52 39 46 26 46 43 61 54 41 25 44 31 25 28 45 26 44 39 33 26 48 31 41 28 38 37 50 27 56 22 23 45 42 44 48 35 30 34 21 33 35 34 36 31 33 46 30 28 45 39 48 39 39 38 45 49 28 54 26 43 30 45 37 35 21 36 32 27 40 32 53 53 45 54 21 28 54 41 32 49 49 47 35 47 46 28 53 21 38 41 54 46 34 32 20 48 40 22 31 56 28 38 46 44 23 47 36 29 53 22 26 48 27 27 32 51 
50 45 47 40 29 26 26 38 45 42 48 58 27 38 53 44 37 29 33 26 46 42 28 42 53 37 32 41 30 55 29 45 43 46 47 29 38 41 22 45 38 31 26 
33 40 58 44 45 37 26 29 34 37 24 46 50 46 31 41 46 37 
48 43 48 35 54 47 43 37 47 41 38 42 39 56 43 37 57 37 48 26 46 49 26 
47 26 54 26 36 53 52 37 44 36 44 33 26 37 45 41 31 31 25 
56 45 48 40 
46 47 21 28 41 
56 31 32 26 44 
32 47 25 44 24 36 48 41 33 31 28 34 26 43 25 29 41 26 21 29 30 37 30 44 20 20 30 53 37 27 35 20 41 45 40 34 43 33 33 25 26 
61 73 45 52 46 51 35 48 23 37 32 46 37 57 45 49 24 46 42 24 51 32 47 
36 54 31 31 35 35 36 38 36 43 39 
52 39 52 36 
55 47 27 51 43 32 49 54 37 45 48 20 40 27 39 50 44 51 44 43 45 39 35 36 29 38 40 30 46 21 43 27 42 26 30 43 53 46 33 36 33 36 
34 33 30 28 32 33 30 37 24 34 40 40 39 36 21 20 44 28 25 42 40 
22 32 44 43 24 27 35 33 21 29 
65 26 44 57 
29 45 27 49 32 44 40 52 30 33 32 26 28 48 28 27 41 39 59 42 39 32 26 53 41 29 37 27 37 36 47 47 29 24 34 25 46 31 31 41 28 41 
50 49 43 41 
45 39 36 25 48 26 53 28 36 38 46 32 43 59 41 52 34 38 26 35 48 42 28 44 34 46 28 43 33 23 34 43 49 31 22 24 38 45 34 48 38 49 47 40 20 41 38 21 45 52 22 56 39 45 44 31 30 42 42 45 52 47 52 34 54 24 36 24 42 23 47 
50 33 59 31 36 40 27 39 37 45 39 46 40 53 23 46 29 44 53 
33 57 50 41 
56 41 33 26 26 
21 28 29 39 
48 32 26 27 40 
47 34 47 58 23 51 49 46 36 54 36 44 33 45 28 31 34 44 
65 26 72 70 26 
30 25 21 45 
32 36 47 30 48 53 24 26 38 30 52 42 32 42 35 31 37 20 31 25 50 31 56 33 30 38 30 48 51 38 30 27 27 38 27 39 43 29 22 49 48 48 
33 24 39 25 37 22 29 41 24 31 35 28 34 31 30 48 38 43 43 44 47 27 42 28 59 33 28 42 41 20 48 21 43 28 45 25 41 31 52 31 22 29 54 34 29 52 53 54 36 26 25 43 44 35 39 33 20 44 35 20 30 48 43 23 36 43 32 
30 42 41 33 29 
49 31 51 24 42 44 31 35 42 30 54 38 38 28 59 53 25 46 43 37 27 37 26 51 49 24 46 37 27 
44 29 40 42 21 38 44 43 32 52 48 25 43 34 49 49 
26 21 29 34 21 45 46 26 30 31 25 28 
42 20 34 42 31 33 30 44 39 32 29 47 31 31 
30 21 51 36 25 30 35 48 29 29 32 
52 46 58 48 30 44 44 51 32 47 37 26 54 35 44 42 27 43 38 26 58 26 46 54 33 25 43 50 25 52 36 54 44 35 44 47 58 38 41 44 21 31 54 26 54 30 53 40 36 49 31 47 49 21 49 46 31 48 34 49 37 33 54 30 43 51 40 43 29 49 43 34 53 39 41 48 43 20 41 57 41 51 47 53 45 31 22 49 36 31 46 32 27 29 29 35 34 
44 28 27 41 43 46 44 43 30 46 
51 34 47 46 30 28 38 31 32 27 38 
21 44 27 53 21 36 26 43 28 32 43 30 47 26 46 27 20 25 44 52 29 
63 38 51 38 30 32 43 33 27 51 49 43 38 42 37 41 38 46 51 55 37 48 53 24 37 33 45 40 50 37 35 33 53 33 47 30 28 46 43 36 46 53 34 39 32 25 41 47 53 47 34 48 23 38 38 39 39 49 47 23 48 29 59 21 36 44 24 52 36 39 49 52 40 36 44 48 42 45 27 36 49 36 39 29 37 46 41 38 41 32 42 52 47 28 36 42 23 35 47 28 45 49 57 45 20 55 29 35 23 32 36 39 43 38 30 39 32 28 41 26 36 28 27 35 38 27 52 49 38 29 25 24 53 29 46 45 22 54 23 46 44 20 35 33 59 29 42 28 31 37 36 43 24 52 41 25 25 35 33 42 34 23 54 37 31 38 56 53 21 28 42 21 48 40 42 27 40 26 42 42 31 52 50 32 39 34 43 52 26 38 41 35 47 48 47 54 33 36 30 42 36 36 42 25 55 44 29 55 41 26 46 43 50 47 40 44 58 38 29 48 25 61 41 41 34 31 29 26 53 36 56 38 43 26 36 32 42 50 
45 38 25 45 25 47 35 47 35 32 47 59 38 52 25 38 45 30 49 49 47 54 27 42 22 34 48 44 59 35 52 33 20 40 37 43 
37 34 54 32 29 25 30 42 26 40 44 33 50 36 35 28 43 37 53 42 31 38 20 46 50 37 40 39 24 50 
54 54 40 36 53 43 50 43 32 54 23 52 35 20 23 47 39 30 47 40 30 25 36 30 42 27 46 45 47 42 44 45 36 26 45 46 47 44 34 41 47 43 47 50 33 25 32 26 41 35 53 57 30 35 49 48 46 32 26 51 41 34 31 30 54 50 38 39 30 48 21 40 22 25 41 52 47 21 44 33 32 43 25 48 36 30 46 52 39 54 38 25 31 47 43 30 30 26 22 53 25 27 23 33 51 51 27 38 46 36 46 44 40 39 26 53 37 29 38 41 47 41 49 57 26 51 42 30 27 59 38 46 46 46 44 31 40 26 43 48 41 27 34 26 38 37 40 38 34 36 50 53 47 35 25 24 51 23 44 48 52 54 25 42 
50 43 31 51 48 30 49 32 44 33 41 41 54 54 43 26 38 50 33 27 28 36 33 41 29 23 48 27 22 27 44 29 32 26 47 27 35 39 41 34 30 29 32 35 31 43 30 26 53 41 30 32 40 22 48 45 36 38 45 44 49 40 41 41 28 36 51 48 20 48 43 47 25 30 46 50 42 47 49 47 23 43 27 29 42 42 25 46 31 45 37 41 
39 31 21 38 21 30 37 21 45 38 30 45 49 20 21 46 22 
25 40 30 41 29 25 20 37 50 41 23 
35 26 51 39 37 42 30 51 26 30 37 37 58 22 21 40 48 47 44 34 37 
52 21 29 26 32 48 34 39 33 36 32 53 
56 43 29 38 26 39 36 52 28 38 38 48 45 29 52 47 32 
31 46 41 26 34 
53 25 52 49 54 43 25 52 44 38 41 31 43 21 23 39 46 49 27 32 48 29 45 49 22 27 40 41 21 21 34 50 24 48 38 23 42 24 37 53 32 21 47 30 48 25 43 44 43 44 31 40 24 28 46 23 40 21 46 
30 35 36 34 35 55 40 53 41 26 57 
38 36 31 29 32 45 42 29 33 33 26 53 
68 32 25 64 
59 28 35 37 51 
54 40 23 34 41 33 45 37 23 54 25 39 39 37 46 46 47 40 26 36 43 27 
49 41 32 51 24 
26 52 34 29 27 25 43 54 29 20 25 29 
34 38 34 41 31 
50 26 41 42 35 25 59 20 36 29 39 28 36 24 40 52 39 49 45 48 30 34 40 30 32 42 48 54 40 37 28 34 43 34 48 51 28 20 23 52 45 52 46 60 35 36 45 31 41 31 47 34 23 37 35 49 40 30 38 21 23 48 30 40 35 25 46 52 30 50 26 38 44 25 25 26 40 42 41 57 34 49 37 26 30 38 30 36 58 43 36 38 21 26 44 40 47 29 40 48 49 43 35 20 35 41 53 37 38 40 22 26 41 52 24 31 47 31 40 34 48 25 47 45 32 53 26 50 35 30 33 25 49 28 48 29 54 48 43 44 53 34 36 44 24 44 49 32 40 59 31 39 39 33 59 43 22 43 44 47 47 44 41 45 49 36 47 53 54 40 29 24 34 47 52 52 28 49 42 49 41 43 45 26 45 32 27 43 32 46 43 37 46 45 54 31 38 37 46 53 28 30 38 37 41 42 25 46 28 27 31 47 39 32 46 46 34 46 43 24 26 40 31 30 53 44 35 38 54 30 47 37 37 49 26 52 26 58 47 49 44 35 27 48 48 46 48 34 47 39 46 50 54 47 38 45 52 22 30 45 32 34 36 38 50 43 33 35 44 25 44 44 45 42 36 46 35 36 39 54 30 55 43 42 48 52 30 45 57 44 39 29 45 38 35 22 49 27 27 43 26 57 32 28 42 32 43 29 54 45 24 47 28 26 44 25 33 57 48 54 45 30 29 53 33 45 44 39 39 35 32 21 31 40 35 37 24 52 39 38 35 39 43 25 23 54 42 31 38 44 40 44 47 49 33 33 30 49 38 41 40 45 49 40 27 35 28 46 34 56 50 27 33 35 36 24 31 32 58 40 40 44 31 46 47 32 53 23 35 53 46 43 52 32 38 50 43 48 41 42 46 32 35 49 30 37 54 28 50 43 39 39 37 32 64 24 40 36 37 28 47 42 23 38 41 43 25 47 52 40 47 45 47 25 44 64 40 26 46 40 44 38 43 42 49 53 26 42 46 49 46 56 51 43 52 41 40 44 50 49 43 29 25 33 53 31 27 37 35 57 33 27 30 40 49 32 26 27 41 46 37 36 34 34 50 21 
51 38 41 30 53 41 52 33 28 30 25 42 46 49 44 45 52 35 50 38 50 53 59 44 24 41 35 24 31 45 48 47 43 33 59 31 45 38 25 41 31 42 28 33 35 25 50 35 33 40 53 39 28 32 32 56 43 26 47 25 31 40 34 42 26 34 41 46 39 44 34 52 41 48 29 47 47 37 28 56 56 54 37 
34 48 37 31 42 22 46 32 39 43 48 40 21 36 26 20 41 36 32 46 37 57 51 38 23 38 51 33 29 20 34 37 49 33 27 45 37 34 41 52 37 41 45 47 25 29 42 43 54 38 42 22 47 57 45 32 25 48 48 29 45 31 38 37 49 51 22 36 30 36 24 45 21 42 31 24 45 38 54 32 30 28 23 45 25 40 42 26 37 31 37 29 32 22 31 48 33 
69 73 54 53 
27 37 31 36 37 43 39 30 50 37 29 26 32 41 48 26 31 37 39 39 35 47 38 27 28 29 48 41 23 39 50 28 30 28 56 20 29 36 41 30 48 26 28 39 29 28 39 26 49 21 23 43 21 
51 47 26 45 
32 25 27 27 23 53 34 48 36 31 32 59 33 35 32 20 
27 56 49 23 29 
46 25 33 45 33 39 49 39 24 38 35 20 35 35 43 31 39 52 40 37 49 43 39 31 
58 42 42 49 
28 52 44 25 35 51 43 39 35 34 52 25 22 52 29 33 28 56 24 32 38 30 22 49 31 28 39 40 23 51 23 51 33 44 28 23 21 20 44 33 31 23 42 22 36 32 22 25 39 36 29 44 34 33 32 26 37 46 28 29 25 53 22 37 28 43 28 41 34 24 45 44 29 48 31 46 33 46 46 29 52 35 59 25 46 29 32 53 36 46 34 32 26 23 34 54 48 39 56 
36 27 25 32 
59 33 48 29 36 30 31 36 57 38 35 29 48 30 31 31 36 
62 57 54 51 51 22 51 54 39 39 30 29 30 37 30 25 35 27 45 53 28 26 26 46 29 47 27 23 53 37 29 38 23 30 50 53 33 31 46 38 50 50 30 53 36 37 23 53 30 24 35 32 46 30 48 49 33 52 35 
45 24 48 27 28 47 35 20 28 51 33 28 25 49 31 34 60 45 23 46 30 45 29 28 56 33 35 53 37 37 28 49 49 30 25 54 53 49 38 47 39 37 34 37 31 50 45 26 28 25 54 30 58 47 48 38 55 38 31 34 31 34 38 24 32 35 36 54 25 33 53 31 26 36 23 31 36 47 30 21 49 39 20 26 36 39 33 29 47 50 50 39 35 50 34 38 47 34 46 24 54 51 54 34 36 46 30 37 50 52 21 45 37 37 35 30 38 45 30 33 38 24 45 45 52 35 38 48 27 30 20 38 53 35 24 46 45 22 25 35 45 53 24 52 27 39 33 34 46 48 39 35 57 49 23 23 35 46 55 35 35 51 36 39 24 50 39 35 32 52 34 52 47 51 20 48 45 49 28 47 31 37 35 32 37 49 46 20 31 27 33 49 25 22 27 52 49 21 52 31 32 50 38 49 24 32 20 20 33 30 31 25 35 26 47 37 23 27 28 38 30 45 48 54 47 34 38 25 22 35 27 25 51 45 28 51 31 53 51 45 25 36 57 24 47 36 26 45 36 29 46 51 33 22 36 31 29 25 45 46 31 34 54 59 53 53 31 47 54 33 37 49 28 47 37 49 50 49 36 29 50 30 29 27 34 29 37 37 48 32 36 28 23 26 35 52 28 30 
48 48 32 51 39 30 39 35 48 32 33 46 48 32 48 53 30 25 34 32 38 52 22 21 25 49 26 38 52 36 47 33 28 52 36 37 52 39 31 38 30 48 34 38 46 31 35 30 49 38 36 47 39 54 46 36 47 39 35 46 30 30 56 36 29 47 32 39 24 39 
47 51 30 34 47 37 36 34 35 37 58 
55 37 29 33 45 54 39 28 20 55 56 38 29 20 45 32 50 50 33 49 45 27 32 33 38 49 45 48 55 21 48 46 53 48 47 39 47 38 25 
54 52 36 49 45 39 45 24 35 52 34 21 39 34 45 29 27 54 32 28 53 22 47 28 30 45 45 47 49 30 30 33 28 36 47 38 32 47 37 49 32 33 32 32 35 28 
67 20 32 32 
57 51 31 38 26 34 53 33 36 34 45 38 26 45 25 27 49 33 34 33 56 37 39 29 46 35 49 32 59 48 35 50 
64 49 45 37 
58 54 48 32 35 
28 21 32 35 33 51 36 50 20 46 26 29 25 
53 52 46 38 
62 39 57 53 23 29 50 54 48 47 51 
52 28 31 29 28 47 46 22 33 36 36 36 51 32 
55 38 51 20 36 
53 39 51 32 26 22 50 39 30 58 35 49 39 35 21 52 24 46 49 38 22 45 20 45 35 32 27 28 51 31 37 37 47 51 31 48 54 32 46 31 33 35 50 48 32 30 51 24 33 47 34 31 27 24 38 45 26 28 31 30 52 54 34 27 26 47 56 39 46 30 29 47 
51 29 29 39 
54 50 35 47 31 32 46 32 47 51 47 27 46 31 
50 51 46 47 32 
50 30 48 32 
45 30 62 38 27 38 48 53 48 23 37 38 
59 47 35 33 22 32 46 27 50 37 29 36 
32 31 31 24 33 32 38 26 48 20 48 30 35 35 20 45 33 
46 51 23 45 28 35 52 49 52 34 39 46 27 35 26 26 54 48 30 28 35 
57 39 31 25 34 51 50 26 28 36 59 28 54 26 38 26 35 37 
58 48 33 20 
20 30 46 25 20 47 59 24 27 39 22 21 23 22 33 39 54 20 20 47 29 21 27 21 20 28 31 53 33 31 47 47 21 30 29 25 22 31 28 36 22 53 32 24 21 54 33 24 36 22 21 30 25 29 39 27 35 21 51 34 28 37 20 47 
60 39 39 26 46 32 30 25 27 52 47 
33 33 35 23 47 37 32 37 34 47 34 51 54 48 46 29 37 36 47 23 53 34 34 38 30 51 39 23 49 45 32 30 46 31 37 37 36 24 25 29 53 48 27 32 36 28 48 35 
54 27 38 30 33 26 46 45 47 30 45 21 30 37 49 48 35 48 37 34 53 33 24 22 38 32 35 32 49 31 45 
51 31 54 49 
58 39 30 24 31 52 56 25 27 32 32 45 
57 36 50 32 25 35 49 28 26 37 28 55 38 36 25 27 49 21 50 51 34 54 30 45 53 24 34 
49 51 30 37 
31 49 30 34 25 21 28 37 20 36 28 48 21 23 31 33 23 31 
52 48 54 37 
59 29 46 26 27 51 21 38 30 53 50 27 36 39 46 
56 59 25 36 46 54 37 47 52 28 36 22 28 
50 38 28 32 45 48 48 30 48 52 32 29 30 39 39 57 22 50 32 48 22 30 34 48 35 53 50 35 54 38 31 47 36 48 35 24 22 34 45 57 57 54 29 30 48 48 37 53 30 25 47 46 23 54 54 25 50 53 46 46 57 51 47 37 46 51 53 38 50 45 34 45 24 39 27 27 49 33 57 36 53 34 50 35 25 53 34 25 56 38 50 28 34 38 48 28 26 34 39 35 49 50 39 28 51 47 24 20 28 30 29 48 50 33 48 52 51 54 45 52 47 45 25 51 47 33 25 55 57 21 53 33 34 20 30 27 31 34 49 32 31 27 49 21 31 47 30 45 20 22 50 22 50 63 27 34 28 20 26 31 22 31 47 23 32 46 21 45 32 30 27 26 50 49 45 59 49 45 47 30 29 52 28 55 27 51 52 29 47 21 32 30 49 34 45 24 58 59 34 45 48 52 27 29 34 48 52 26 30 53 27 32 28 33 49 25 52 25 32 31 30 28 29 25 46 58 51 30 50 29 46 33 46 53 27 55 34 47 25 33 23 29 31 28 33 48 57 31 47 25 25 31 47 56 32 51 32 51 34 33 53 28 54 34 50 46 32 51 33 49 46 48 55 51 32 32 30 49 49 48 49 56 31 49 46 27 34 47 30 33 27 32 24 50 25 33 33 33 54 49 54 45 33 31 51 30 27 46 29 30 22 26 34 53 55 52 57 46 54 30 53 22 53 49 49 32 34 51 25 53 50 22 53 25 56 29 53 29 50 31 33 34 34 53 32 46 45 55 34 29 46 49 27 51 32 32 34 31 34 53 46 46 27 28 20 31 30 52 27 46 50 60 52 25 34 47 22 49 49 25 24 53 56 29 32 31 47 52 56 31 25 28 30 54 51 27 27 30 25 45 49 23 27 52 29 30 45 56 56 30 31 49 48 30 50 26 49 47 48 48 21 52 53 47 21 32 20 27 49 25 46 47 33 49 52 52 54 31 52 48 30 28 46 49 48 33 29 54 26 31 53 33 25 22 31 47 45 26 32 46 32 29 
28 51 51 30 
66 31 61 69 49 45 48 45 46 49 30 23 52 30 31 66 28 47 47 49 24 57 32 54 32 29 25 28 52 58 
54 46 46 22 49 47 45 53 48 51 34 23 49 20 50 51 28 28 46 20 27 24 47 53 47 52 46 51 25 23 52 33 45 53 32 32 46 54 48 21 30 50 29 28 53 31 32 53 53 34 45 48 32 20 48 49 49 28 46 26 48 54 31 54 51 51 26 32 33 58 46 48 51 46 31 50 22 28 48 29 53 49 45 46 46 53 54 21 54 22 27 31 52 53 31 27 46 45 48 47 49 49 47 46 45 46 45 50 49 56 45 59 32 22 22 55 46 53 45 46 57 33 59 20 47 53 34 34 31 55 20 45 59 48 22 52 32 46 47 47 52 33 22 30 31 52 47 21 33 20 54 54 50 46 21 51 60 33 47 30 23 21 31 47 52 22 49 33 49 62 46 45 31 49 34 48 53 49 33 33 31 46 53 31 49 46 24 45 30 58 45 34 21 32 54 49 52 49 49 48 47 49 45 49 48 34 54 49 47 46 46 33 45 58 20 31 53 34 45 46 20 59 54 
57 48 48 33 31 34 50 54 46 45 54 47 51 51 32 20 
56 34 51 46 30 33 52 48 47 49 20 50 52 32 30 51 55 48 51 45 22 54 49 47 33 52 33 22 53 54 45 51 32 46 34 30 47 
59 31 34 21 46 54 47 48 33 24 64 24 47 46 
66 74 51 57 59 61 52 47 47 45 
52 45 50 52 50 
58 30 22 21 
56 47 34 31 
50 32 48 32 
53 53 45 30 
50 22 23 20 46 30 33 32 30 33 47 57 52 
56 30 52 33 54 33 50 56 21 24 31 30 47 
66 59 52 64 30 49 58 47 51 22 74 30 59 51 
54 47 48 30 
52 59 32 55 
58 48 30 56 
53 23 30 46 32 33 33 46 50 33 22 32 32 47 52 48 30 53 34 34 33 49 48 52 
64 45 22 52 52 54 46 49 48 49 46 47 49 47 47 57 45 20 50 58 24 63 51 50 48 47 46 54 48 45 59 47 22 45 45 20 53 24 
55 20 53 47 22 23 50 53 22 49 
61 49 20 46 47 
55 49 50 45 
59 52 53 46 59 48 45 51 52 47 49 
57 45 50 20 57 50 55 20 54 59 52 45 22 58 52 47 49 55 54 24 53 59 
52 47 24 47 50 49 20 22 48 57 53 55 
50 50 52 51 
57 51 45 54 48 45 21 47 49 51 45 54 22 58 51 49 20 54 49 47 50 50 52 49 51 52 24 49 46 21 45 24 59 50 49 23 51 49 51 51 46 50 55 20 46 48 48 55 21 23 51 52 46 58 47 57 50 49 54 48 46 47 47 24 53 49 51 23 59 24 45 55 20 48 56 45 46 20 22 52 54 59 55 45 53 24 54 45 58 49 51 46 52 47 51 51 48 52 51 53 46 47 20 45 53 55 56 51 53 60 59 51 52 21 54 54 52 57 21 21 59 52 54 51 20 53 21 21 22 54 22 57 21 52 54 22 53 53 52 58 50 20 53 51 20 55 22 21 54 53 24 50 20 54 54 53 50 22 51 52 55 53 53 57 50 20 50 50 51 21 58 22 50 54 21 52 24 54 20 53 53 57 51 22 22 50 55 57 54 57 54 52 20 51 58 54 59 54 53 58 53 57 51 51 50 54 21 21 21 50 22 59 52 53 55 21 53 23 56 54 20 21 59 53 23 51 55 59 55 52 52 21 52 23 51 51 21 54 55 22 20 23 52 50 53 24 20 54 58 24 24 22 50 24 23 53 57 21 53 51 50 
50 50 23 51 
57 50 51 50 59 50 51 24 20 52 54 50 54 21 
53 53 50 23 56 54 24 52 20 61 52 51 52 23 51 20 53 51 52 52 52 20 52 52 54 53 53 50 53 52 53 51 52 54 54 20 54 22 51 53 20 53 51 54 51 53 57 54 52 53 20 23 51 20 50 56 52 51 50 20 24 50 50 56 22 54 52 54 53 53 54 50 21 54 50 57 
56 50 24 51 58 51 54 54 21 54 51 
56 56 54 55 
53 50 53 59 22 
51 23 57 51 
59 22 53 59 54 50 51 58 52 23 52 24 53 52 
53 21 50 54 
59 54 20 57 54 51 57 53 53 54 52 50 52 51 59 52 54 53 59 53 51 53 50 58 51 56 59 50 57 56 52 51 58 59 50 57 53 50 57 53 57 51 52 55 52 54 52 52 56 57 55 51 51 58 53 56 53 
60 52 52 53 53 52 53 52 59 51 52 
53 51 55 51 57 61 57 51 57 52 50 53 50 59 52 53 50 51 50 52 51 50 57 
57 50 56 55 52 54 51 59 54 51 53 58 53 63 51 52 57 53 54 53 50 54 50 59 54 61 54 52 53 54 53 52 51 54 61 55 50 51 58 59 52 50 52 53 53 58 60 54 54 53 59 
62 53 58 50 58 54 51 54 50 55 
51 50 54 57 50 
50 56 54 51 52 55 64 52 54 51 50 54 50 50 51 59 53 50 57 59 53 51 53 52 50 52 50 59 51 
62 51 52 51 54 50 53 51 52 52 53 50 52 50 54 56 
57 53 52 52 
66 67 53 73 
51 63 54 53 
57 52 52 53 55 54 54 51 55 54 53 51 54 52 
51 64 53 51 53 54 52 52 52 58 50 52 52 54 57 52 
58 52 52 54 53 55 57 50 51 52 53 54 58 54 52 51 52 50 50 54 
68 53 53 50 74 64 57 52 60 54 70 52 57 63 50 56 55 54 52 62 52 50 63 59 59 54 55 
65 56 56 54 
64 55 52 59 51 56 53 54 50 59 50 
69 64 54 51 59 
56 50 50 51 51 
59 51 55 54 50 56 59 52 50 51 53 59 57 57 58 51 53 52 52 53 54 54 55 51 63 52 51 51 51 50 59 52 53 51 52 54 56 53 53 55 53 50 56 59 56 53 50 53 59 50 54 50 51 53 51 54 57 56 52 53 53 51 50 59 54 
58 51 59 52 54 54 56 56 52 54 55 
69 50 61 72 61 58 70 51 52 64 58 61 53 59 53 70 61 54 51 54 72 61 
69 59 52 51 55 69 67 52 62 61 73 64 
52 52 54 53 
55 53 51 53 50 53 62 53 52 53 59 52 57 53 53 51 52 57 54 54 51 52 57 54 54 52 52 53 52 52 58 51 52 54 53 54 54 50 50 52 53 53 58 59 
54 54 51 52 51 53 54 51 54 51 55 56 52 50 59 51 50 51 54 59 52 51 54 51 54 55 
54 54 54 52 58 59 52 52 59 53 51 58 54 50 51 50 54 50 57 51 50 52 61 51 52 59 54 50 51 58 53 51 51 52 50 50 50 54 52 51 54 57 54 50 52 52 55 58 53 50 54 53 55 53 54 51 59 56 58 53 54 54 50 50 59 54 58 53 54 54 52 54 53 52 54 53 57 53 50 52 53 56 53 54 52 55 51 57 53 53 51 53 57 52 51 54 52 50 55 52 54 59 59 51 50 55 56 54 56 59 52 59 53 54 52 52 54 52 52 55 50 51 58 57 53 54 55 52 52 52 
56 52 54 52 53 54 57 64 50 52 53 53 59 51 54 56 57 53 52 55 51 51 53 57 50 54 
59 52 50 50 58 55 51 52 53 50 56 58 53 50 51 51 54 
59 52 50 58 50 64 52 53 53 53 54 52 55 56 54 54 52 52 50 53 55 59 52 50 54 56 50 51 59 51 52 58 51 57 53 55 61 56 53 52 51 58 54 54 57 56 
68 51 63 71 56 59 60 66 69 57 51 63 69 54 59 73 56 57 59 58 58 53 54 50 68 74 59 53 54 51 63 62 54 56 53 58 61 71 54 54 50 53 58 59 54 64 61 58 58 64 53 53 59 61 64 55 55 54 63 51 66 71 51 50 56 50 51 74 58 61 53 52 71 72 60 61 64 55 60 52 57 62 60 52 67 55 51 53 54 51 51 57 58 57 55 56 66 64 52 56 59 60 57 60 50 53 57 50 59 62 50 51 52 52 65 52 59 58 63 50 53 64 55 50 62 50 64 62 52 59 54 59 55 63 63 58 65 59 51 50 61 56 60 66 64 51 58 62 64 53 53 53 57 54 66 53 59 50 55 53 54 69 51 62 52 61 67 64 50 63 52 61 56 56 60 
66 51 63 62 58 
61 57 57 50 52 54 56 51 53 53 52 52 59 52 51 
56 50 56 50 54 51 52 55 54 50 51 55 56 53 
69 66 64 69 62 57 62 62 53 66 66 59 61 60 51 
57 54 51 58 50 52 52 55 58 53 52 51 54 59 51 58 51 
59 56 53 58 53 58 54 63 50 54 50 
57 54 51 52 
67 54 62 58 58 51 64 63 53 50 57 63 57 54 51 54 63 53 52 52 53 51 57 58 58 53 67 57 63 58 62 61 51 58 
57 54 51 52 59 53 50 54 51 59 53 51 56 54 54 57 51 53 63 63 62 56 56 59 62 58 58 59 57 59 57 59 57 55 56 60 58 57 60 55 59 57 57 61 56 56 59 56 57 60 58 55 57 59 55 59 55 56 60 56 56 58 59 59 58 55 59 55 55 62 57 
56 60 58 58 56 58 59 57 58 56 59 56 64 55 
57 55 57 58 57 
69 55 62 63 60 59 60 56 59 63 59 58 62 60 57 61 61 62 
55 56 58 55 59 57 58 57 57 55 63 
60 59 58 56 58 57 56 58 58 55 59 55 55 56 59 
65 56 58 57 64 62 58 61 61 63 67 69 57 58 61 67 57 64 58 59 69 59 62 60 64 55 61 61 
63 55 58 57 58 55 58 58 68 58 55 55 56 56 58 59 58 58 56 59 58 56 56 56 57 55 56 59 59 55 57 59 
55 58 57 58 56 59 59 58 59 61 
57 59 58 59 58 56 58 63 59 56 55 56 57 55 
57 63 59 55 56 55 58 62 58 59 55 58 55 59 55 58 59 55 55 58 55 59 57 55 58 55 
59 59 60 60 55 
62 59 59 55 61 56 55 55 59 58 58 55 59 57 57 55 56 55 57 58 59 58 
59 59 55 58 57 
69 58 66 60 61 56 55 55 61 62 58 56 
66 58 60 59 63 55 60 59 63 57 63 59 56 
65 62 63 56 57 63 56 57 63 68 58 68 57 59 58 63 58 59 65 65 63 64 60 58 55 62 65 64 63 61 60 64 65 63 63 57 64 62 58 60 59 56 58 64 59 67 59 55 56 61 59 64 67 66 64 59 57 68 60 60 64 57 61 55 56 55 66 62 56 56 62 58 61 69 68 64 56 59 59 63 59 57 
57 58 63 58 63 
57 57 55 59 58 56 56 57 58 58 55 56 56 58 57 59 56 61 55 55 63 57 58 57 58 55 60 55 62 58 57 61 57 57 59 57 55 59 55 63 59 58 
58 55 58 56 
56 55 58 63 59 57 62 58 59 55 58 55 58 55 
58 55 58 56 55 59 58 59 57 57 59 57 56 58 57 59 55 
55 55 60 59 57 56 55 56 56 58 57 57 
66 61 59 58 55 63 66 65 59 58 62 
57 59 56 58 
55 61 56 63 59 
56 55 57 55 56 62 58 55 58 55 55 59 56 56 58 59 57 58 58 59 57 55 59 57 59 55 63 59 59 57 55 58 57 57 58 59 59 57 58 61 56 55 56 55 59 57 58 59 57 58 58 55 56 56 61 56 57 59 57 
67 62 64 59 65 55 60 60 57 59 
69 55 55 57 
67 57 59 58 56 55 66 56 58 56 59 68 56 55 69 66 55 56 56 57 56 56 
56 55 58 55 55 57 56 58 58 56 56 56 
69 68 58 65 58 59 59 55 65 56 68 58 
59 59 55 56 57 58 59 58 58 59 56 59 59 56 55 55 57 55 56 58 55 56 57 59 55 56 57 57 55 55 
57 56 57 57 56 55 57 59 59 56 55 58 55 56 58 55 55 57 59 56 57 56 55 56 57 57 
67 55 56 56 69 66 57 67 55 58 69 58 65 57 55 55 55 59 58 65 56 59 65 57 55 57 57 67 56 55 58 55 57 58 59 
69 55 59 59 55 57 55 58 56 56 56 59 56 
57 58 57 57 55 57 58 59 59 58 56 55 56 58 59 56 56 57 57 55 58 59 59 58 55 55 
67 57 67 66 
69 69 69 67 67 65 66 68 65 69 66 67 67 69 67 66 65 69 68 68 69 65 69 68 66 67 
66 68 69 67 68 68 68 69 67 65 69 67 65 65 65 67 65 67 68 66 
66 68 65 68 67 66 69 68 67 69 67 67 65 68 65 67 69 
67 67 68 68 66 67 66 66 67 66 66 
65 68 65 66 66 68 68 65 68 67 68 69 68 69 
66 65 65 66 67 68 68 68 69 69 69 69 69 
