11262 
17431 
23154 
25392 
8232 
17666 
8831 
17004 
13299 
4136 
17724 
5505 
25002 
35129 
25260 
35566 
763 
23444 
20175 
14131 
35023 
29972 
15992 
11824 
1174 
29135 
35127 
28356 
9299 
36709 
21417 
36362 
21400 
26584 
2765 
6735 
20381 
11562 
36900 
30575 
17824 
37074 
12092 
15120 
13564 
13175 
7629 
15029 
9758 
15023 
9169 
15845 
29104 
16264 
33894 
29444 
38265 
30042 
36338 
26860 
23301 
3051 
9443 
21570 
24996 
24935 
36932 
3813 
1886 
28989 
39521 
30517 
117 
8501 
6294 
8098 
22490 
1849 
11593 
32700 
15732 
25837 
36899 
1322 
33034 
32417 
21688 
7124 
35190 
1080 
23946 
31729 
472 
29650 
4231 
22254 
33280 
18204 
2720 
26529 
11211 
3111 
6367 
32834 
15376 
11525 
30606 
20995 
38761 
31048 
5073 
37909 
34628 
29432 
8105 
2120 
39852 
14837 
16863 
20608 
7322 
25777 
26242 
38393 
18593 
26754 
17402 
8126 
35525 
23060 
22789 
869 
34847 
6064 
7871 
347 
17250 
11255 
26822 
16741 
19620 
795 
1177 
13328 
1454 
24326 
23745 
9289 
32400 
1503 
34134 
32128 
22974 
1681 
14925 
36622 
19947 
18661 
13620 
15524 
6825 
27471 
28434 
20762 
24240 
21653 
20623 
16310 
14472 
29961 
26389 
18093 
7377 
12003 
37250 
32345 
33572 
39020 
26459 
6864 
29920 
30598 
13052 
38575 
22810 
23575 
5320 
26206 
23223 
15869 
24948 
9075 
16235 
31611 
38730 
28231 
16941 
24222 
19551 
38591 
15072 
31103 
2358 
19569 
20791 
37251 
26196 
6986 
14444 
38402 
21194 
23343 
16041 
3486 
27517 
30318 
30141 
21109 
10705 
25258 
15847 
29153 
9589 
1821 
15800 
26457 
38310 
4725 
22233 
31202 
5096 
36939 
11380 
11147 
4198 
38667 
3932 
3305 
7592 
26032 
17139 
2843 
23737 
16633 
24173 
16865 
27309 
24771 
24549 
18391 
17582 
29855 
21258 
25306 
9486 
36225 
16255 
6052 
35158 
33587 
13017 
34625 
21922 
10791 
26046 
29599 
225 
38783 
18112 
1683 
10377 
28059 
15932 
23182 
5002 
35048 
18599 
23835 
7926 
28880 
2342 
2475 
13028 
18565 
33842 
30457 
30196 
10021 
32009 
8187 
36119 
20475 
7567 
20149 
5134 
39780 
29883 
19910 
20621 
5445 
15240 
39107 
13377 
39217 
26578 
25265 
5055 
17283 
4500 
17592 
23765 
846 
7863 
28872 
3057 
23410 
11313 
9139 
37613 
11183 
4527 
8699 
8825 
6662 
13412 
16984 
27361 
18416 
5757 
36831 
33865 
10505 
36729 
4773 
14902 
39059 
39053 
14484 
16913 
18517 
30056 
35465 
38200 
36704 
34094 
5358 
20412 
36881 
33963 
39193 
10878 
22634 
38344 
19590 
39584 
1193 
9676 
37920 
5910 
7298 
30395 
29443 
20553 
10447 
4538 
22455 
6902 
32178 
2289 
14055 
37443 
21050 
8819 
11194 
4705 
25706 
23152 
28994 
14726 
9977 
4166 
7052 
25724 
11786 
28897 
8056 
36386 
21375 
21888 
15161 
13750 
6679 
147 
24276 
15785 
32404 
34708 
10967 
23656 
15611 
6258 
31403 
36867 
15028 
21932 
22515 
2852 
33410 
11520 
39153 
22282 
4435 
4169 
15381 
10139 
24453 
10158 
11752 
10004 
14540 
17964 
13091 
18016 
1219 
24115 
23203 
31218 
17466 
1520 
20816 
26792 
21052 
29549 
16013 
9978 
20114 
16329 
20983 
25834 
24574 
12491 
2198 
30830 
429 
2938 
31260 
26355 
989 
38767 
23401 
10877 
36177 
33194 
19444 
30202 
32051 
24008 
12727 
38851 
482 
6003 
35090 
875 
38756 
31591 
16222 
12308 
35325 
31093 
