259634 
51665 
126389 
96974 
32799 
77829 
245172 
399234 
351025 
65591 
270789 
391999 
132270 
31173 
2888 
309233 
399976 
350963 
237189 
108500 
236926 
22235 
369639 
31186 
394989 
169946 
66229 
109505 
254136 
79471 
393650 
323166 
315855 
110799 
243367 
112395 
216754 
207476 
292343 
296896 
114204 
234471 
330766 
167998 
216828 
68306 
30663 
25022 
45810 
372245 
70423 
371383 
11354 
136145 
51503 
113907 
83307 
66973 
397677 
8477 
247134 
305898 
384081 
292780 
49878 
40917 
327191 
169302 
162666 
22130 
79491 
368909 
338218 
168025 
170931 
274626 
246284 
389547 
146388 
139479 
228086 
259348 
119837 
205236 
148419 
32508 
352461 
203457 
322281 
364729 
42169 
82534 
191413 
202490 
56098 
92061 
269638 
39534 
164699 
230308 
301465 
316955 
182014 
362069 
316262 
24649 
193695 
134622 
245954 
147220 
385796 
398273 
141375 
30682 
184159 
374545 
101021 
376025 
48324 
300288 
152950 
168715 
175110 
297730 
312309 
141229 
208280 
227164 
306031 
95525 
248630 
15668 
325154 
184339 
24246 
243919 
133747 
371308 
387302 
52993 
201914 
12445 
80617 
113781 
44955 
204983 
342145 
316501 
111364 
93784 
226906 
236540 
98768 
217440 
132817 
317176 
23348 
179218 
212246 
256322 
237105 
186344 
391948 
149322 
391804 
19396 
82639 
302890 
359114 
233260 
146034 
302809 
212131 
289907 
255010 
295945 
152891 
306870 
387964 
137489 
394926 
6942 
154604 
289382 
203085 
231543 
108457 
110704 
68170 
267148 
272123 
172783 
48073 
281961 
127911 
66570 
283029 
53008 
206373 
237654 
348207 
244829 
149722 
211173 
279736 
391915 
29103 
347364 
195207 
208119 
153866 
274973 
166238 
132791 
342999 
315326 
384498 
333417 
270693 
56980 
355809 
24367 
131937 
159045 
50277 
268359 
52235 
112567 
38684 
298449 
101976 
165005 
249935 
127305 
253899 
314155 
299309 
289169 
203684 
67281 
368896 
278009 
9249 
72063 
239653 
140538 
224243 
304376 
218276 
116835 
244233 
126934 
204402 
15753 
190866 
37597 
151056 
252733 
189372 
14591 
362472 
68222 
289534 
158092 
23410 
61915 
383362 
100498 
236345 
214974 
221194 
95285 
303105 
156511 
294326 
14445 
176732 
55574 
283468 
134509 
83213 
15782 
258984 
81630 
310156 
255041 
133332 
283115 
395315 
388828 
69843 
202309 
386650 
130823 
7988 
247816 
151930 
109490 
112846 
79332 
67551 
113260 
77273 
166454 
7404 
94719 
203434 
156668 
94064 
391850 
160877 
13328 
81386 
166706 
173769 
202561 
144424 
354532 
362880 
328551 
382785 
213349 
220754 
19735 
216841 
167322 
154815 
159917 
170185 
122699 
208149 
5124 
199127 
266544 
370479 
237052 
366385 
399360 
141939 
307909 
159439 
43790 
200907 
302594 
68792 
81692 
91933 
226032 
45178 
60038 
43991 
187098 
6713 
9600 
364023 
219346 
153533 
330246 
169091 
27309 
317214 
52884 
330739 
193150 
62141 
312301 
297465 
46397 
52889 
171792 
154060 
5687 
46959 
102374 
127564 
134343 
22138 
22663 
290813 
143322 
79182 
231438 
276612 
305036 
53504 
245810 
391523 
130969 
202474 
261945 
213723 
13760 
375835 
43322 
85375 
138071 
127043 
21607 
222713 
222282 
140539 
68033 
258062 
108007 
113585 
214349 
396912 
158450 
304453 
258004 
137492 
53799 
22145 
269188 
18242 
223504 
199384 
248058 
89489 
290662 
309995 
148530 
148243 
16395 
131719 
116303 
96595 
233305 
221311 
273065 
57650 
93667 
282565 
244098 
142346 
52576 
218236 
74800 
34299 
4588 
284735 
315416 
346887 
8287 
268032 
372927 
141430 
374820 
78620 
280677 
187432 
18555 
212125 
381548 
225954 
335209 
366783 
259545 
236687 
48030 
240007 
111515 
330932 
178291 
376960 
225561 
9400 
21900 
357745 
356488 
374197 
149195 
368403 
99863 
154473 
375631 
200273 
367993 
305055 
396478 
27902 
251468 
225826 
154426 
264688 
265166 
331453 
300125 
300189 
385289 
20560 
347012 
242913 
194118 
213695 
251339 
157612 
326279 
136625 
208309 
372767 
107155 
24126 
305261 
114044 
301161 
380771 
365163 
55352 
89393 
160128 
320031 
364697 
343020 
95395 
28866 
352480 
392147 
237507 
223340 
59800 
21558 
41665 
77775 
135791 
286637 
73272 
80627 
173108 
14307 
20534 
75932 
184925 
61988 
82705 
333718 
325872 
141718 
53385 
178022 
119087 
129240 
332485 
271250 
43267 
182967 
45135 
281635 
94553 
91308 
177131 
177885 
134267 
231799 
165381 
84675 
20038 
63803 
228884 
223788 
124120 
259931 
379471 
197335 
266743 
272151 
91381 
90741 
294235 
152217 
211670 
339041 
243874 
134795 
264433 
189007 
88529 
233248 
203701 
142530 
393182 
38984 
88970 
349345 
247536 
326319 
62596 
117438 
13541 
244413 
90092 
165658 
239076 
83466 
101480 
364994 
285264 
326526 
94732 
102736 
2776 
171355 
151923 
1743 
345517 
372183 
92993 
254759 
228895 
199267 
107186 
152821 
398416 
189161 
328203 
84656 
142026 
53497 
336064 
160337 
243429 
51179 
252768 
111618 
84731 
276996 
348262 
79942 
164593 
189736 
52540 
154310 
55906 
293422 
160007 
40448 
231933 
281422 
4829 
234805 
170626 
224461 
74979 
100569 
370471 
397141 
94387 
299604 
95840 
212445 
333675 
206338 
113076 
293659 
101361 
325803 
76139 
327587 
214838 
272535 
184743 
1636 
25872 
392318 
372399 
41234 
307270 
210241 
164648 
129548 
202520 
297225 
307735 
107071 
108957 
376119 
276349 
182743 
12422 
128100 
186563 
238040 
244894 
34307 
267473 
115295 
232863 
223919 
358469 
239999 
230178 
383703 
198930 
114615 
382596 
71736 
87169 
364403 
112133 
383688 
166510 
104614 
80290 
285431 
272759 
142905 
212649 
36190 
389138 
253708 
172997 
58460 
325952 
129838 
143245 
49737 
375212 
135550 
267028 
260735 
381552 
51104 
376221 
351100 
126359 
318942 
180855 
363295 
339825 
232249 
17758 
54635 
299748 
366301 
337010 
335518 
239754 
45255 
397604 
381577 
180842 
231365 
338917 
86834 
115524 
394025 
259922 
10474 
124439 
201795 
316575 
91970 
219567 
246734 
354537 
159541 
176347 
297238 
147713 
318897 
54031 
212932 
23820 
19431 
218458 
306817 
393213 
214338 
289330 
234569 
156564 
59931 
181951 
162200 
282354 
129491 
38671 
361135 
249044 
327574 
325008 
162742 
329066 
314307 
196100 
39548 
184713 
313223 
42238 
350169 
277443 
337716 
29925 
138095 
276587 
375351 
107957 
62440 
151997 
9818 
115393 
81752 
133301 
221528 
102833 
43112 
70515 
312636 
320459 
270110 
183611 
348714 
378183 
127613 
269365 
345322 
148484 
75454 
206180 
309275 
340092 
357033 
196566 
174707 
284449 
59018 
85026 
25839 
73619 
347668 
204594 
283420 
137748 
13494 
69962 
32446 
40817 
127938 
95383 
8227 
196986 
85499 
375284 
360306 
342326 
177225 
143500 
36040 
65297 
352599 
261415 
292899 
24106 
9791 
285269 
394310 
86664 
25783 
28559 
14430 
227564 
32498 
175632 
349155 
336710 
303918 
285559 
331202 
177392 
305868 
21814 
11716 
274317 
13378 
195011 
161936 
66110 
100670 
121836 
370976 
281198 
352481 
299886 
49240 
163598 
225342 
295982 
78054 
81802 
368273 
342297 
271871 
386246 
159076 
395892 
153075 
308135 
257643 
49035 
287574 
367683 
132910 
198175 
17188 
364800 
160497 
30902 
15850 
351070 
337596 
291360 
195822 
202100 
364503 
169421 
139720 
387909 
208286 
290820 
282611 
166189 
186412 
106481 
101503 
48003 
290211 
158784 
62806 
222806 
62471 
192242 
303671 
351154 
284817 
334280 
264949 
46981 
62911 
269912 
312153 
184324 
86468 
175409 
226799 
378350 
392103 
24791 
156974 
270101 
11256 
26361 
120186 
168930 
26947 
345545 
75636 
109797 
126770 
293773 
2691 
192725 
294205 
206749 
120711 
118849 
220603 
318946 
64231 
312510 
224023 
84388 
82045 
314639 
74562 
157822 
206560 
154451 
32025 
26442 
352714 
68396 
154000 
143822 
360950 
111862 
38186 
279967 
294979 
120817 
335505 
184968 
311138 
366971 
136991 
241756 
210718 
297834 
253443 
313303 
389991 
308533 
70212 
344356 
66344 
273985 
140216 
326500 
135474 
367745 
10204 
149183 
98280 
351704 
258036 
348951 
61203 
352756 
187532 
288206 
216804 
273194 
50457 
279501 
184760 
166435 
189919 
355636 
196858 
291549 
155064 
146071 
153472 
164445 
131183 
146482 
265862 
212686 
143458 
136123 
166312 
67072 
124938 
343457 
334487 
246630 
60435 
51698 
292821 
212472 
268781 
170362 
343696 
160108 
240389 
355369 
399955 
376272 
91370 
154360 
31414 
8106 
229455 
189100 
240220 
342199 
54172 
399349 
3484 
116285 
330950 
349372 
51412 
257376 
177835 
320474 
90276 
113240 
331809 
253754 
321261 
159597 
184240 
139548 
249240 
157343 
376283 
180901 
69889 
108795 
120048 
170632 
83294 
151296 
90542 
285037 
381566 
201545 
85542 
243970 
249988 
134887 
389399 
80675 
147804 
388688 
253313 
29186 
76903 
104899 
396988 
277486 
333732 
213660 
186256 
265796 
117355 
240316 
306582 
33701 
177830 
335230 
76105 
361712 
43624 
136967 
167345 
354933 
66421 
159513 
91331 
7116 
198607 
81883 
96405 
168176 
147500 
179582 
321246 
194282 
50696 
341667 
43935 
255425 
176950 
103415 
257233 
96392 
266152 
29912 
30778 
225501 
101757 
261761 
104360 
255190 
242430 
195692 
278222 
226242 
270590 
383049 
399187 
77248 
6401 
282431 
289161 
270179 
94865 
222529 
262053 
124710 
249555 
134759 
25271 
9733 
287472 
188013 
33489 
155677 
290865 
64592 
275029 
340562 
299547 
263754 
24400 
326682 
374575 
236812 
396212 
387928 
336501 
285105 
242384 
334281 
281566 
199980 
149564 
230162 
396900 
138278 
189995 
305277 
9026 
130776 
121244 
331390 
32465 
69623 
380970 
276581 
390644 
262951 
250433 
322525 
170708 
362973 
341296 
261362 
190201 
146913 
150431 
284500 
79837 
314412 
76803 
258427 
342899 
112312 
39144 
303119 
132266 
303415 
163972 
288645 
23860 
144844 
310187 
174795 
314932 
114193 
340639 
35275 
61685 
236074 
151276 
343562 
142319 
2783 
353151 
341850 
277378 
55710 
35195 
271680 
137664 
165660 
366670 
323939 
289476 
83133 
319559 
166671 
309226 
146461 
159158 
178784 
156852 
150773 
329227 
319741 
65706 
19061 
193388 
289592 
67959 
360100 
259474 
378672 
118058 
47452 
126747 
303541 
332110 
53520 
272201 
119229 
171254 
153888 
394833 
378588 
161615 
95560 
174597 
370405 
46459 
60101 
125014 
284701 
11202 
257179 
95186 
138625 
315618 
166085 
196589 
231930 
211138 
73062 
336486 
94433 
366567 
133861 
5838 
353772 
130860 
71533 
26835 
367372 
252844 
319639 
204347 
219291 
265089 
3370 
81499 
203116 
350346 
54684 
383005 
355775 
246676 
100703 
76946 
62223 
383306 
373489 
396715 
212051 
260102 
8359 
28255 
132132 
56141 
227228 
360378 
118831 
113175 
11073 
35201 
308400 
181564 
83663 
163651 
261482 
68196 
324298 
202917 
228332 
66506 
198703 
326350 
193814 
199711 
314165 
248139 
163850 
186792 
26391 
157718 
398791 
327978 
214042 
234055 
315248 
387967 
9534 
281565 
26193 
64802 
152161 
229452 
346154 
275178 
376348 
211719 
376081 
139280 
168253 
110818 
53819 
46743 
392240 
376267 
173659 
85151 
51682 
37722 
337357 
279452 
211758 
331956 
58577 
72244 
168280 
104133 
111030 
43284 
312064 
314291 
102621 
118298 
281490 
235628 
337700 
16054 
332390 
225104 
352180 
80412 
83375 
336439 
18697 
211473 
302824 
40730 
76717 
301701 
300669 
139052 
337501 
348436 
371318 
372522 
399243 
285630 
221317 
299973 
321885 
142847 
287192 
385680 
45886 
96328 
270040 
294871 
272 
212444 
231492 
49841 
394665 
329840 
123304 
312149 
122850 
317900 
191762 
387580 
353931 
317551 
237208 
392951 
325021 
202372 
309151 
141484 
17493 
23521 
289633 
207184 
329488 
77510 
391676 
389663 
200943 
96177 
223930 
224891 
107187 
360003 
26595 
150923 
6974 
268258 
333484 
120412 
183851 
95954 
153428 
213569 
17516 
342597 
138297 
7384 
76499 
97450 
299615 
165313 
274737 
319088 
104060 
324191 
146534 
61800 
57035 
372989 
212043 
173673 
303618 
301347 
159608 
371188 
286827 
27372 
133172 
234291 
272736 
180023 
69193 
229336 
135562 
37879 
388846 
143213 
7618 
191996 
300615 
365419 
8234 
2038 
219503 
393721 
61327 
41361 
294803 
5953 
339193 
227453 
341731 
35741 
328694 
274757 
334805 
86967 
261583 
132938 
179249 
188579 
112413 
290967 
78624 
139462 
368361 
83593 
128799 
33104 
9528 
244121 
91032 
188566 
70143 
356845 
172344 
84626 
216654 
300776 
150125 
209699 
323039 
153044 
246762 
128262 
291238 
80211 
171882 
166829 
213115 
145654 
160382 
107872 
227870 
258508 
158941 
369834 
57341 
298412 
173153 
230445 
354873 
203288 
223308 
349655 
64533 
295288 
4100 
304488 
353499 
379194 
59311 
6889 
383824 
191453 
32832 
113753 
160294 
153332 
385775 
329793 
260496 
61088 
47171 
92385 
165388 
391042 
46232 
45222 
185950 
372044 
145480 
262974 
86151 
59 
21198 
373762 
286022 
382877 
27390 
134272 
332393 
47413 
227201 
22001 
349254 
196130 
278651 
293550 
237790 
381281 
297743 
279801 
159067 
122640 
83058 
37073 
9956 
322552 
277893 
161726 
65883 
47715 
140903 
264919 
346646 
362533 
223009 
12947 
377772 
86833 
102627 
132564 
362820 
44846 
52479 
279157 
200400 
8793 
196404 
34283 
358108 
160406 
157098 
200885 
45466 
233006 
25048 
367655 
166424 
236520 
48439 
349438 
107859 
117676 
210634 
145864 
215465 
327003 
360796 
207121 
392184 
396691 
50353 
273028 
184426 
231564 
162675 
373531 
385741 
287051 
224929 
90377 
177720 
253526 
184351 
305653 
380585 
7088 
51487 
148772 
11924 
242342 
83186 
312463 
10899 
249030 
317641 
7264 
262050 
305693 
357027 
215111 
159185 
34505 
294553 
356273 
361163 
124861 
24517 
157231 
385822 
87537 
262856 
162037 
84228 
79079 
110472 
2051 
112569 
75031 
45429 
73840 
377387 
340593 
37410 
369213 
394944 
206992 
349917 
142856 
362017 
362976 
263189 
264304 
10543 
274742 
13681 
212992 
396032 
119828 
327800 
352582 
114635 
98966 
203419 
230872 
262080 
39411 
145138 
122700 
348212 
15473 
78966 
293815 
119762 
398528 
375270 
156103 
199459 
328421 
234425 
80571 
136793 
362450 
288237 
176540 
397885 
281450 
86328 
330955 
129827 
247455 
47170 
5578 
271930 
67827 
388521 
164026 
319627 
53596 
59277 
277433 
315558 
197220 
33557 
225620 
237179 
293261 
368950 
65519 
32100 
77260 
149135 
82513 
207085 
244810 
33525 
385422 
275192 
168322 
289570 
8274 
185502 
396864 
343267 
35476 
207421 
37686 
84245 
311137 
274996 
220629 
283963 
164554 
166322 
274667 
284093 
73418 
169099 
153374 
257287 
223273 
183927 
107849 
314835 
304655 
66326 
197014 
166174 
53904 
137178 
305399 
285291 
25861 
226610 
174382 
17800 
7774 
77971 
307815 
170266 
3325 
201177 
224411 
186282 
93721 
259917 
49786 
311212 
371862 
241884 
351784 
67645 
140091 
284343 
99849 
118694 
315560 
23175 
398603 
398211 
324567 
374287 
89608 
274936 
15237 
250170 
122067 
110952 
60692 
316323 
83829 
36451 
21055 
236806 
225923 
70537 
79824 
268455 
193483 
366158 
289763 
18882 
394475 
219596 
184290 
171237 
58334 
385990 
82066 
166074 
95081 
55939 
231398 
252395 
36130 
308675 
65980 
94714 
169041 
175831 
309579 
255780 
150605 
279489 
379542 
319859 
275670 
259748 
354348 
184028 
175752 
136727 
14310 
138269 
396973 
276494 
72921 
77030 
324153 
140309 
56670 
381171 
22453 
63347 
221143 
247907 
356215 
286415 
29046 
229189 
314909 
102266 
276748 
283390 
59097 
304916 
382420 
357704 
47246 
303642 
222538 
51080 
302452 
48309 
243808 
152969 
64099 
15025 
48156 
201733 
94544 
245633 
303248 
322506 
308745 
116213 
95612 
144244 
346170 
18778 
82526 
242240 
343904 
126613 
275546 
156331 
225086 
333322 
385100 
300451 
314585 
343097 
230684 
153996 
320550 
14467 
227516 
144038 
31254 
39239 
55963 
323986 
257310 
325662 
201023 
217551 
280257 
271127 
209389 
80176 
135865 
139156 
120604 
52795 
317972 
310746 
140850 
242090 
313958 
170810 
378575 
253843 
228750 
185633 
363900 
43319 
215273 
337253 
321190 
260029 
279746 
337603 
245074 
18334 
354295 
314536 
344000 
342107 
77504 
143692 
157690 
319331 
343822 
361188 
4986 
27738 
32823 
177637 
201944 
163213 
155969 
233870 
39464 
279678 
262744 
57667 
12046 
280916 
307295 
16522 
310782 
77731 
215137 
239214 
226956 
171492 
303958 
180000 
49214 
250966 
310785 
299740 
199411 
18157 
331941 
93620 
31267 
122662 
305607 
55868 
89241 
367493 
338818 
347528 
35586 
109774 
238496 
212325 
300428 
355958 
136461 
89396 
169973 
27259 
2185 
369855 
330262 
176689 
155373 
278136 
211172 
134708 
71716 
43918 
142808 
165705 
289542 
89435 
6185 
109887 
156462 
290733 
12353 
253525 
312313 
71881 
289608 
43258 
206673 
125793 
148436 
234730 
266557 
383310 
283036 
320317 
95821 
154721 
252328 
52322 
175502 
248432 
93160 
390132 
201125 
162311 
282303 
238701 
124959 
147340 
34598 
223670 
200686 
124709 
162927 
54168 
283893 
14616 
244481 
332140 
367489 
124300 
131155 
304302 
183146 
348176 
104169 
396095 
378991 
260673 
112947 
112624 
293652 
197107 
161455 
346515 
179929 
211771 
244508 
21211 
79427 
314746 
154711 
364532 
232809 
303067 
394896 
100129 
29310 
366468 
273442 
325795 
117295 
385102 
367722 
279341 
56080 
302516 
71470 
272551 
230589 
148886 
143996 
215596 
172404 
308413 
386746 
84735 
144127 
138992 
174978 
3184 
267705 
386633 
196275 
150361 
19448 
164718 
4092 
239690 
120786 
51282 
307985 
134193 
262188 
233392 
55894 
164440 
337178 
120794 
364071 
282710 
367168 
250898 
161833 
39931 
85549 
356380 
187224 
234515 
5460 
117888 
6342 
43452 
397851 
286166 
341360 
126679 
154929 
227781 
186486 
207845 
309287 
167127 
100215 
42674 
239176 
119326 
122651 
107725 
379259 
198682 
207297 
385709 
217694 
337590 
151078 
36284 
177297 
96166 
74034 
338766 
47367 
95812 
306781 
199983 
372976 
53426 
393599 
5158 
387031 
3054 
29858 
48954 
118529 
377133 
321854 
112758 
6877 
16963 
104273 
373275 
327677 
370242 
58466 
70187 
112370 
198021 
180694 
102396 
72374 
235656 
334603 
231961 
295480 
76208 
352261 
168207 
268706 
75853 
373777 
393051 
264375 
369719 
326978 
225269 
284573 
261529 
119661 
70146 
323481 
161759 
346246 
391714 
143303 
8998 
150395 
240576 
41925 
340828 
174875 
212850 
219776 
321262 
315495 
201736 
274522 
102148 
143845 
383418 
267674 
182662 
289910 
75019 
32724 
313012 
325262 
157651 
196607 
279588 
132513 
6460 
380275 
329675 
54218 
196190 
267902 
221816 
399778 
64620 
11026 
310901 
23145 
173621 
236732 
221771 
333471 
284101 
40882 
221896 
213628 
364400 
353902 
107479 
340759 
318430 
275080 
178204 
106089 
27113 
254573 
99676 
359047 
225061 
353152 
89907 
333615 
394391 
210622 
18597 
87467 
208825 
383505 
283311 
177189 
204031 
363200 
97779 
239233 
69942 
168308 
268850 
353692 
346535 
201324 
215664 
9481 
8448 
80804 
284982 
346226 
266540 
227628 
238312 
10502 
161076 
75918 
289643 
219962 
259000 
164901 
312496 
40211 
323050 
51764 
384878 
202507 
228701 
184015 
51299 
330315 
321716 
48924 
382789 
54712 
389618 
281129 
315240 
398398 
188695 
39624 
261797 
167134 
292352 
225024 
182686 
304329 
261720 
172082 
352710 
155964 
252624 
395254 
302193 
248642 
246590 
310890 
248969 
309119 
170263 
283816 
257903 
82427 
18020 
119384 
163852 
380709 
135808 
235170 
18959 
176216 
101311 
276474 
75392 
74939 
288930 
172842 
170197 
42556 
65797 
53785 
150072 
99614 
126134 
47920 
7911 
345167 
36015 
150258 
90770 
200721 
293695 
307069 
397729 
307036 
308872 
89162 
56921 
17005 
242790 
154051 
275662 
140733 
244563 
399464 
210262 
162067 
159191 
390009 
228178 
53654 
147795 
203418 
182779 
290520 
356529 
54069 
91320 
227694 
162429 
239724 
62796 
315980 
380024 
222303 
28755 
154988 
31985 
329378 
206547 
291284 
64626 
295281 
49681 
258357 
128540 
368479 
191279 
187943 
34404 
4726 
19570 
131631 
35083 
205487 
108743 
188313 
293013 
199519 
245677 
229811 
15530 
100901 
290513 
54596 
11329 
24237 
95784 
147843 
252398 
165588 
257436 
51264 
318519 
378558 
247846 
171863 
70166 
140020 
42142 
123955 
355542 
157774 
207472 
54556 
385779 
229849 
219070 
122527 
136748 
376743 
378355 
354245 
176119 
75200 
30933 
124808 
176436 
78413 
289121 
105765 
239309 
173670 
20466 
219480 
313282 
127344 
203277 
23695 
143478 
348595 
86337 
184402 
263617 
5141 
274294 
306501 
211002 
393601 
45464 
234264 
61296 
132330 
210900 
58777 
119019 
12934 
156463 
118807 
265691 
369831 
134906 
180319 
103018 
73736 
48803 
233797 
10368 
259742 
243783 
32562 
122592 
20769 
124329 
232619 
289363 
284601 
307638 
64025 
216732 
373643 
289261 
188631 
140130 
388359 
331410 
36752 
308773 
396503 
260883 
114697 
131867 
36784 
186775 
321020 
304689 
159021 
241782 
375509 
19910 
381572 
365311 
209339 
16944 
293894 
179311 
129396 
158242 
273682 
175552 
275408 
93831 
138011 
382769 
135380 
152371 
157095 
64059 
125346 
96199 
356907 
75759 
305001 
398464 
137206 
90340 
5393 
142034 
143164 
252787 
193132 
209215 
368594 
178463 
78642 
331110 
395224 
116865 
40244 
206153 
132101 
310754 
240282 
262087 
67561 
135626 
64222 
359051 
251144 
102137 
398116 
203119 
261049 
341234 
169521 
18280 
284347 
227608 
340335 
233147 
194315 
395716 
3109 
247436 
321338 
148733 
10641 
234890 
176840 
110981 
345943 
261508 
23636 
171058 
217750 
284006 
265098 
108298 
156026 
241035 
165535 
182548 
311557 
343803 
94673 
364770 
9752 
28257 
326467 
224071 
32278 
21730 
111954 
65983 
279303 
299489 
68740 
338010 
17943 
169599 
4277 
85574 
85164 
63838 
140811 
373729 
120112 
10434 
74444 
9999 
151985 
33511 
52045 
287344 
337282 
389021 
382568 
303275 
54214 
316931 
66622 
21353 
259613 
80178 
135685 
147629 
318147 
380829 
30859 
346688 
385901 
200593 
8241 
312834 
395920 
138125 
234145 
47205 
249114 
160258 
260451 
28209 
361275 
18090 
334443 
97230 
375716 
167946 
150400 
393517 
161382 
117552 
29871 
256390 
46388 
105735 
184438 
56169 
124677 
187674 
152414 
153656 
69688 
342786 
43062 
289078 
240301 
398137 
77324 
162219 
327205 
72077 
29812 
229282 
345525 
114013 
198125 
286623 
28160 
24241 
288335 
337490 
389534 
223931 
188939 
299318 
278822 
324678 
357239 
368829 
305560 
227441 
37321 
273404 
373343 
222841 
194350 
334665 
68705 
149514 
89255 
45138 
194637 
195015 
365262 
120930 
219106 
113932 
127248 
11673 
264547 
307872 
129100 
340405 
271529 
77067 
211863 
262517 
48327 
173999 
270787 
68950 
151182 
394826 
267516 
264589 
321240 
7633 
59704 
343325 
263480 
355457 
127779 
240854 
194242 
283131 
207576 
283416 
22272 
1290 
242560 
46419 
350700 
354856 
315112 
233286 
321855 
25317 
122602 
356136 
377972 
167728 
270340 
365735 
287900 
141618 
327171 
39801 
299972 
381289 
29852 
180474 
124555 
206295 
350505 
46088 
160572 
160162 
196343 
18916 
55578 
290676 
252068 
262650 
331378 
264796 
376046 
203078 
31147 
207328 
52178 
207139 
13206 
226273 
339584 
37819 
361068 
334996 
53201 
253530 
31780 
324035 
6386 
252663 
31974 
27421 
373394 
319209 
285043 
362458 
86364 
252679 
369363 
151357 
285059 
361943 
33969 
229066 
32412 
113941 
132579 
325799 
203275 
20850 
351499 
3342 
290872 
399875 
398097 
225203 
94860 
5223 
88782 
25570 
171262 
376655 
93385 
238743 
301826 
60264 
144094 
2143 
132388 
122954 
149881 
132976 
364537 
243033 
118949 
65148 
77818 
275940 
276383 
63461 
364292 
35591 
88211 
19434 
370692 
40286 
13839 
267632 
346249 
71762 
141296 
57661 
224872 
281791 
230992 
337950 
179194 
168515 
269569 
376636 
48618 
109617 
221914 
27283 
170745 
314429 
233152 
368760 
274807 
240877 
36799 
54202 
93665 
58424 
113506 
67081 
42260 
45083 
387003 
273763 
340998 
305037 
159258 
109801 
354355 
256265 
320517 
168170 
47991 
24824 
164468 
293788 
272940 
37608 
25948 
360636 
272633 
254793 
94807 
286711 
205107 
203890 
179243 
339535 
275037 
265105 
268025 
109294 
321865 
314201 
251150 
170459 
350625 
47184 
110774 
17896 
151963 
398013 
370093 
223006 
257447 
391459 
365457 
279758 
219280 
3410 
308669 
3844 
228844 
99840 
117088 
104234 
125049 
303141 
293441 
172373 
34898 
148735 
181417 
301667 
26611 
174286 
16509 
282749 
169134 
375551 
255503 
97029 
301778 
115084 
362516 
155501 
186623 
196264 
351771 
57208 
20178 
248350 
268881 
61827 
203776 
118869 
209683 
7216 
136311 
220978 
279504 
221824 
266867 
317422 
193853 
127271 
392348 
216453 
311402 
240693 
295814 
255921 
262110 
247283 
375453 
375814 
185097 
190818 
119106 
17182 
28503 
297156 
106465 
198477 
165323 
330929 
276263 
9627 
46575 
291633 
328213 
285373 
396607 
50121 
395998 
273579 
374971 
86568 
354653 
228244 
329712 
225921 
84157 
367303 
317303 
2339 
145127 
141476 
256239 
104142 
137027 
337871 
253815 
291808 
384344 
390619 
153729 
293626 
105739 
207315 
67418 
98336 
230281 
138771 
329932 
148145 
339351 
164060 
309074 
260227 
175094 
305533 
315315 
346580 
138549 
63047 
105242 
224943 
254680 
168697 
166718 
148150 
370674 
44647 
52650 
213189 
96435 
216901 
286441 
77785 
89662 
231073 
257588 
137061 
255311 
128549 
101466 
12920 
81038 
39 
107762 
110705 
26770 
108929 
282756 
282022 
183162 
130533 
24488 
331894 
298788 
126061 
179202 
205118 
167498 
381723 
128286 
185295 
391493 
283583 
25642 
368325 
172222 
344129 
50634 
9870 
396570 
159365 
358338 
183356 
27279 
3527 
82319 
312465 
178455 
144315 
130760 
127853 
72333 
215849 
234571 
35467 
399324 
104087 
84803 
139469 
255401 
363035 
24886 
193725 
291987 
185218 
350069 
367670 
145595 
353501 
109444 
143383 
101522 
280396 
42662 
303362 
12446 
206030 
59801 
330594 
245488 
184352 
31333 
313841 
43705 
392050 
328629 
220722 
350623 
56400 
121653 
364458 
153042 
137765 
57809 
181390 
314035 
140926 
222316 
387239 
282793 
271039 
340162 
97956 
244234 
397607 
276125 
224446 
170057 
312298 
386892 
205561 
282914 
320509 
135900 
296014 
265751 
281925 
94307 
391163 
343493 
164138 
324898 
113634 
354808 
209480 
374969 
81999 
320538 
372200 
317450 
31997 
338594 
127831 
247284 
222198 
179778 
260282 
131584 
193401 
43542 
380851 
367059 
186405 
393957 
12398 
285290 
317646 
341573 
268085 
229430 
284151 
115739 
156615 
303558 
185156 
1587 
335969 
146467 
164463 
393225 
374569 
113543 
359084 
35842 
383434 
155778 
215213 
164837 
234279 
215236 
284004 
278326 
50035 
107714 
1453 
146916 
144082 
370600 
223809 
390539 
175281 
266854 
326620 
370798 
298016 
325524 
312995 
106329 
336641 
237902 
305865 
289752 
312842 
241792 
216731 
337864 
339806 
180018 
177289 
392496 
380625 
174004 
93064 
232925 
248444 
358517 
348338 
269998 
229836 
57589 
85844 
206232 
220244 
261711 
76756 
239836 
88092 
47857 
315093 
182522 
372311 
229651 
208234 
252662 
86732 
289436 
336145 
91884 
104398 
57513 
350654 
103651 
158271 
46970 
321393 
238191 
229118 
156560 
223789 
157306 
375298 
265332 
128246 
212905 
136973 
397225 
132447 
28628 
230424 
85352 
171704 
123197 
224655 
398946 
29627 
94314 
380696 
122851 
322329 
364740 
347655 
256656 
58166 
196310 
51428 
75286 
139298 
329396 
172883 
101031 
149427 
11717 
238754 
46386 
301399 
14018 
25653 
204287 
382232 
22127 
323269 
119362 
258464 
231095 
271185 
255339 
8411 
175685 
313035 
112659 
46941 
78716 
358093 
123171 
155948 
204213 
387288 
201063 
306150 
379724 
244857 
88448 
4301 
394592 
193865 
169734 
128504 
233938 
109971 
261014 
290263 
35479 
36156 
248063 
264490 
210471 
257892 
118765 
87243 
139413 
295047 
83844 
366237 
124597 
3213 
264647 
116000 
143929 
10826 
152755 
101551 
13566 
80738 
286949 
221296 
61773 
93661 
284429 
81356 
92951 
120304 
161086 
83083 
238195 
317093 
125388 
350692 
295303 
398742 
174915 
279315 
366854 
362338 
361656 
107139 
386396 
117119 
1673 
217189 
273543 
232669 
213202 
341797 
112766 
34802 
249530 
96880 
51184 
106564 
314094 
280107 
333137 
379477 
27704 
116112 
325609 
9741 
167621 
163581 
194709 
73249 
68454 
393137 
147562 
265210 
358291 
4679 
146906 
134319 
362083 
175134 
188755 
183371 
271848 
255091 
86563 
323859 
150033 
109682 
330982 
194053 
140741 
330390 
144707 
272348 
399716 
190172 
172523 
56519 
26948 
97771 
119165 
58979 
266128 
103652 
355008 
125964 
381825 
221849 
120421 
91638 
144260 
227071 
188710 
50435 
253455 
288483 
159019 
24100 
384741 
333929 
208019 
299900 
155576 
353071 
130831 
295011 
213034 
151627 
113366 
362522 
86741 
242776 
172057 
137606 
252954 
2725 
381161 
111503 
104128 
222130 
136828 
135518 
325404 
136001 
250279 
269941 
141823 
399712 
300254 
181033 
100591 
203361 
64574 
394353 
328354 
289067 
371539 
217590 
65840 
100490 
168267 
81780 
232012 
333382 
230810 
249766 
32776 
139386 
261875 
161420 
11366 
75113 
38597 
19786 
364157 
360808 
233466 
119182 
145813 
147123 
169994 
366319 
352613 
286319 
330487 
123204 
307534 
212391 
393461 
228711 
374217 
60018 
313594 
153569 
351263 
41667 
105800 
388364 
353642 
237804 
25421 
82159 
140032 
177016 
173777 
132045 
232876 
176058 
233028 
346809 
273686 
85815 
221284 
150117 
4906 
28683 
185985 
28927 
52658 
86672 
92538 
25616 
356941 
75284 
62391 
4600 
188399 
1125 
247529 
313217 
70657 
18673 
54180 
349341 
111557 
340572 
323610 
5899 
314693 
122960 
128214 
174176 
39584 
222403 
263261 
325236 
76185 
177429 
63008 
247514 
386919 
394283 
174700 
386364 
40134 
394579 
198462 
92672 
270188 
329467 
333442 
220090 
36963 
394239 
71828 
10571 
269516 
91008 
164436 
380549 
140387 
80329 
380525 
392508 
8460 
246270 
250268 
110480 
98936 
29442 
50022 
49079 
318291 
121121 
272720 
272111 
346131 
344903 
82912 
352878 
315621 
330070 
382754 
247468 
324633 
233536 
331984 
49112 
268819 
80044 
57530 
329657 
379980 
167592 
87067 
278659 
260711 
213794 
242374 
232919 
182197 
183797 
236254 
328386 
378871 
351303 
179077 
389620 
9049 
348005 
269731 
138894 
160043 
239018 
176767 
3209 
59958 
106896 
294299 
282730 
329729 
138854 
371576 
309539 
94527 
83928 
272233 
54864 
274199 
120342 
305951 
249059 
160432 
181099 
300341 
99376 
363691 
235265 
350219 
367517 
112792 
124722 
150103 
255398 
311725 
391997 
211198 
19343 
368605 
132891 
22133 
365838 
146387 
340876 
359698 
44138 
128934 
81204 
373635 
302517 
382731 
90701 
333506 
193006 
312891 
341301 
334831 
367539 
6999 
316230 
202397 
87627 
90402 
332790 
94632 
190764 
346070 
281754 
385484 
370779 
189541 
27744 
8050 
98602 
212268 
240961 
369287 
127711 
358859 
294166 
291629 
361880 
48025 
297709 
128960 
29047 
240439 
83656 
114098 
217624 
338547 
297662 
54413 
129826 
339609 
236200 
316771 
241053 
172770 
75008 
142297 
367036 
328807 
221520 
330322 
173762 
117192 
65128 
313278 
110440 
163243 
138274 
304067 
286998 
340022 
199661 
306283 
267212 
123707 
122132 
286925 
376944 
146193 
307341 
75696 
120503 
101610 
130494 
63525 
131137 
215725 
338214 
279383 
220434 
11456 
169508 
218263 
388729 
266024 
246192 
76896 
277372 
89936 
339579 
224683 
305 
390261 
170671 
33635 
135427 
388216 
211179 
106627 
119052 
59225 
46590 
107346 
181118 
138819 
98084 
289344 
302213 
280822 
212999 
89214 
294339 
65688 
324325 
344337 
5476 
175817 
234004 
325333 
312017 
336966 
274643 
386762 
378223 
259210 
336300 
155462 
242674 
176968 
27813 
162027 
182187 
5558 
14835 
15436 
26939 
60558 
120719 
275580 
21785 
216048 
99745 
275829 
161965 
161214 
253258 
354425 
246687 
330642 
94637 
137258 
246291 
104482 
3654 
266911 
172428 
370873 
296429 
144428 
314676 
186919 
52778 
249229 
168768 
25430 
121491 
179938 
320309 
8324 
115053 
47969 
312618 
361222 
283562 
280147 
160244 
70629 
82129 
185751 
267306 
187273 
164773 
237743 
46873 
114071 
274142 
42612 
37291 
325202 
195481 
399357 
4631 
35489 
296841 
380170 
315287 
228865 
49593 
41059 
178253 
344797 
141703 
48109 
105637 
47049 
194439 
2328 
388106 
293504 
252520 
115467 
340384 
183055 
12805 
259201 
30681 
10047 
396243 
26703 
212427 
317330 
160662 
140157 
86895 
301983 
85041 
76932 
329299 
113597 
358823 
197593 
151409 
32890 
333007 
348301 
48247 
375230 
365849 
359241 
103968 
324025 
331928 
346820 
287214 
71356 
125920 
84526 
360328 
66801 
342669 
131459 
270948 
167762 
264369 
86144 
321426 
136155 
170623 
195811 
310510 
38640 
115687 
99829 
64956 
14543 
133846 
130508 
183117 
297276 
326830 
114834 
65045 
223175 
4457 
240038 
97508 
15056 
219155 
240555 
4011 
18419 
166924 
315006 
315605 
139283 
126674 
214527 
377053 
214018 
226351 
104008 
82564 
319333 
227404 
200939 
150314 
42111 
44013 
137479 
208181 
279023 
304817 
51606 
82432 
289931 
119835 
66909 
185987 
213124 
273350 
333902 
142543 
352423 
346916 
193322 
300585 
162232 
162020 
92657 
136707 
335927 
196045 
228334 
57559 
130527 
383489 
201039 
185 
377293 
44822 
102869 
288822 
229026 
12368 
179457 
397329 
182992 
384362 
126543 
353664 
389935 
111441 
338420 
308547 
21691 
135110 
180645 
380223 
374889 
186457 
377760 
109331 
313914 
53717 
48847 
173437 
182078 
131346 
371819 
304864 
41933 
342057 
343605 
172664 
178565 
238592 
142564 
40450 
338508 
310258 
317352 
321344 
217687 
241501 
362680 
80942 
203704 
138495 
3188 
236385 
190553 
25834 
93725 
159 
140861 
26331 
111468 
25647 
354497 
254114 
113730 
180600 
77860 
329300 
168481 
193968 
55400 
48407 
271431 
17783 
233034 
353006 
23268 
195092 
33328 
46670 
79798 
138266 
133847 
267314 
257891 
188091 
34441 
310130 
16888 
118012 
302087 
250893 
131043 
349754 
93986 
43446 
189440 
70345 
231248 
243043 
337321 
31154 
283410 
22632 
227132 
274051 
76261 
224405 
122728 
5917 
248531 
34663 
297556 
317838 
356799 
76575 
392768 
161973 
168759 
335870 
270737 
65206 
397932 
155323 
167017 
184899 
15459 
181246 
355396 
368365 
248352 
260943 
382341 
174088 
58433 
73498 
224115 
376768 
182456 
93601 
227966 
157998 
200222 
36233 
279211 
51885 
278977 
127356 
197870 
22684 
148631 
206671 
224557 
98164 
224227 
118618 
27688 
178661 
19721 
398256 
71229 
256353 
302724 
249091 
94735 
323119 
119638 
594 
271756 
195013 
222272 
295359 
201461 
344570 
298467 
262661 
392170 
220965 
368895 
180257 
79669 
78394 
167019 
87576 
289071 
126781 
395401 
46362 
305561 
57939 
214616 
197396 
18312 
323785 
77555 
351670 
226337 
99652 
23548 
161593 
149467 
187030 
247626 
297199 
382201 
364377 
6613 
298073 
205112 
286225 
157599 
92805 
172608 
247117 
51987 
166491 
269082 
230345 
220266 
383962 
254860 
29656 
201553 
147424 
36804 
181963 
128595 
145906 
226044 
27739 
76293 
212864 
147202 
49587 
196079 
54589 
29030 
89401 
300594 
211435 
136701 
379926 
266555 
64579 
104331 
373660 
184673 
371030 
120825 
338016 
245342 
318169 
238955 
274925 
298561 
94870 
187394 
81938 
352936 
132989 
315773 
331188 
386358 
115010 
81467 
262552 
238148 
210203 
20289 
17153 
251416 
36848 
212844 
267084 
248783 
355946 
382379 
398875 
348879 
254566 
128084 
352155 
171945 
170001 
121070 
280831 
182525 
224058 
373170 
129677 
56234 
391703 
261127 
246137 
351843 
367164 
29558 
110579 
360093 
325979 
216362 
266319 
63826 
333047 
188723 
117510 
108772 
186962 
266796 
150979 
245668 
161501 
48112 
167123 
305073 
174965 
66804 
99735 
101242 
311543 
360667 
357847 
359438 
110003 
55380 
51917 
142401 
244040 
212903 
254517 
337985 
177950 
337536 
299022 
203494 
159033 
237515 
278459 
313381 
163596 
39281 
313717 
51256 
37850 
8684 
78599 
270794 
86580 
117526 
399738 
370132 
97306 
96632 
273928 
260907 
340543 
67724 
9802 
184691 
251976 
282026 
54786 
355772 
311448 
67061 
267458 
331285 
172045 
95150 
330108 
225219 
372811 
387583 
223008 
44924 
55199 
48306 
153442 
57910 
190304 
61836 
345779 
223536 
45970 
326628 
272754 
354837 
214218 
371460 
87 
293130 
264938 
255720 
109212 
220337 
140070 
85302 
45024 
115189 
111858 
224502 
78449 
38693 
24052 
260206 
382437 
272205 
85672 
122916 
288134 
43052 
202340 
232936 
242939 
117887 
210483 
8367 
77479 
236960 
356468 
78766 
97642 
127809 
75412 
28829 
239942 
227101 
155494 
198706 
229753 
30959 
326930 
45905 
86115 
202415 
84607 
384751 
1208 
276240 
29779 
354282 
386273 
252865 
91953 
14024 
47765 
176255 
362426 
358802 
297255 
376514 
121085 
13189 
10750 
42638 
146825 
15119 
343435 
15084 
284605 
133320 
232345 
325192 
303397 
235535 
392488 
116324 
177286 
342330 
191164 
108257 
92537 
152914 
149037 
107380 
344863 
26308 
176518 
241611 
290108 
92200 
284110 
354107 
269858 
64467 
188949 
244753 
78565 
201493 
381982 
129400 
167642 
1986 
88680 
385606 
214226 
282773 
114651 
174934 
304010 
328623 
52694 
54366 
294952 
320799 
260298 
392700 
130710 
130432 
5596 
243451 
370624 
226672 
397948 
270146 
374305 
73025 
153163 
61281 
136846 
101272 
