30824 
12385 
22814 
34720 
18287 
20052 
18721 
29196 
37391 
21853 
23123 
18972 
4811 
19402 
27465 
18378 
37489 
23873 
23416 
35274 
30146 
31411 
26123 
18693 
2520 
27861 
23986 
17881 
16005 
13915 
38910 
27991 
22817 
31051 
3363 
6769 
37068 
19256 
31734 
39149 
18319 
30062 
13084 
14798 
29956 
20684 
39142 
4337 
270 
31986 
7054 
34906 
31041 
2042 
14689 
29516 
23158 
14033 
39598 
14453 
28651 
26197 
37557 
1366 
7705 
1828 
29694 
16869 
36687 
4584 
13350 
12501 
8153 
33183 
7893 
19791 
11457 
29066 
30736 
8615 
34770 
17261 
1395 
896 
24552 
38102 
37508 
33127 
31599 
14113 
11459 
37175 
17671 
30897 
5923 
7912 
24617 
30476 
4815 
12604 
5843 
22412 
2737 
2421 
33878 
8622 
6651 
3933 
24372 
18991 
6288 
5639 
37892 
26556 
28517 
5689 
32521 
37995 
35697 
16676 
29009 
28453 
7828 
26391 
24951 
14778 
25882 
5372 
34542 
35448 
23942 
20575 
15942 
6410 
6897 
622 
13829 
17973 
29863 
6397 
26946 
19100 
30394 
1839 
28498 
37333 
8204 
26095 
30050 
16475 
8713 
24962 
3061 
3868 
5529 
11933 
151 
2545 
23463 
11901 
35784 
24142 
14361 
18450 
13374 
5340 
17299 
13460 
35094 
10104 
14536 
23377 
5444 
8769 
30245 
21301 
5738 
21031 
28826 
29728 
804 
38180 
9391 
18232 
9522 
31609 
12972 
34796 
23979 
13584 
21339 
6913 
16114 
9360 
11858 
15079 
8957 
34242 
14251 
34888 
17053 
24075 
21123 
34554 
35496 
38794 
33000 
9662 
5092 
28405 
5915 
19761 
31143 
21808 
18116 
19323 
19746 
19643 
10332 
31250 
32711 
31021 
13763 
18291 
1927 
10739 
2242 
2679 
39391 
12911 
27501 
34489 
16924 
3551 
33054 
14508 
13628 
12529 
32444 
36432 
9786 
28856 
28403 
31838 
19301 
10258 
30293 
3424 
11965 
9906 
11335 
9614 
5628 
25382 
9863 
13761 
36107 
13094 
2599 
20322 
39627 
37345 
33218 
2121 
28917 
11879 
23655 
39399 
26538 
37303 
19939 
9652 
9186 
8102 
21999 
38268 
4473 
3571 
4065 
23483 
38828 
17273 
2245 
28942 
8311 
10076 
27914 
18396 
39026 
29704 
11746 
31714 
27711 
33072 
29220 
37 
18007 
18613 
7321 
4718 
13640 
3325 
4089 
12007 
32443 
9001 
25648 
30802 
30463 
12184 
5890 
26778 
28105 
12716 
15787 
35615 
18677 
36337 
36504 
18223 
27473 
22509 
23265 
16465 
20436 
23560 
36664 
5975 
39961 
24018 
15343 
15289 
2085 
38723 
21054 
9315 
23861 
21576 
30460 
15156 
13561 
29990 
10946 
5922 
21598 
31762 
14065 
24495 
24918 
8474 
15080 
33883 
31665 
34722 
29410 
24283 
1992 
39423 
29061 
37568 
26003 
14843 
33310 
34331 
15621 
27399 
20237 
20887 
22008 
33498 
16826 
3224 
14317 
33049 
36334 
38490 
38492 
24072 
19152 
9192 
34729 
25069 
23167 
31689 
5138 
18469 
22601 
5682 
2357 
25335 
17589 
15037 
35975 
5256 
37937 
33749 
25986 
10312 
36509 
22968 
12983 
33 
5122 
2129 
23522 
19508 
12574 
18201 
15713 
36416 
6333 
17896 
16899 
32045 
16922 
11097 
14465 
25376 
34664 
32868 
25554 
38019 
37975 
8195 
16625 
27472 
18002 
36637 
1837 
1429 
17967 
618 
14347 
17457 
23532 
25643 
20959 
12470 
15678 
4656 
4113 
14948 
26714 
7657 
28738 
20030 
24906 
20900 
27571 
23106 
4135 
24378 
23568 
37030 
6655 
22857 
26493 
23193 
10310 
31985 
31869 
39822 
8199 
25191 
26721 
39649 
12766 
12555 
39677 
