28 
34 
51 
39 
46 
59 
30 
35 
49 
27 
33 
46 
32 
43 
40 
42 
39 
49 
36 
48 
50 
29 
30 
47 
52 
35 
51 
51 
32 
33 
60 
46 
49 
56 
58 
32 
57 
48 
44 
34 
49 
38 
25 
26 
29 
41 
32 
51 
29 
64 
52 
29 
31 
56 
50 
47 
51 
50 
30 
27 
47 
46 
54 
56 
48 
29 
28 
41 
31 
34 
60 
44 
45 
47 
53 
52 
30 
35 
52 
50 
44 
25 
46 
42 
35 
38 
30 
39 
28 
47 
53 
53 
43 
38 
40 
36 
38 
36 
46 
40 
25 
35 
30 
42 
39 
48 
41 
44 
49 
45 
25 
51 
52 
45 
46 
48 
51 
50 
36 
45 
25 
37 
33 
31 
46 
42 
32 
47 
38 
36 
54 
43 
57 
43 
48 
44 
36 
50 
26 
38 
68 
35 
44 
36 
35 
49 
62 
31 
49 
56 
54 
33 
51 
50 
56 
46 
47 
43 
33 
43 
48 
65 
50 
41 
38 
28 
40 
46 
32 
37 
47 
27 
28 
53 
58 
28 
42 
56 
50 
37 
35 
41 
31 
31 
39 
29 
45 
31 
53 
35 
31 
40 
54 
42 
40 
36 
28 
30 
30 
26 
48 
34 
47 
37 
40 
37 
54 
25 
54 
56 
53 
63 
25 
42 
30 
26 
37 
51 
35 
41 
28 
34 
47 
40 
26 
29 
54 
53 
55 
31 
46 
31 
44 
52 
25 
44 
32 
26 
38 
43 
38 
50 
28 
46 
34 
39 
53 
48 
43 
52 
53 
27 
58 
58 
30 
48 
55 
44 
27 
39 
36 
50 
57 
58 
52 
40 
47 
37 
51 
38 
50 
53 
29 
33 
55 
53 
36 
39 
53 
36 
26 
61 
39 
44 
43 
35 
58 
34 
29 
43 
45 
55 
28 
26 
25 
28 
60 
25 
40 
51 
42 
25 
31 
44 
25 
25 
35 
34 
48 
36 
25 
31 
26 
38 
50 
41 
51 
45 
40 
30 
42 
31 
30 
58 
31 
31 
44 
36 
35 
53 
28 
36 
42 
32 
43 
34 
46 
47 
34 
40 
39 
46 
31 
34 
50 
40 
51 
44 
51 
41 
56 
37 
32 
65 
28 
53 
27 
34 
50 
58 
45 
59 
47 
48 
29 
48 
54 
38 
26 
40 
51 
51 
60 
53 
30 
28 
31 
28 
36 
39 
29 
53 
28 
30 
31 
32 
57 
46 
32 
54 
34 
58 
53 
58 
58 
59 
57 
60 
29 
25 
53 
28 
37 
57 
28 
54 
45 
36 
68 
38 
32 
41 
51 
31 
43 
54 
46 
38 
54 
48 
39 
49 
26 
25 
35 
34 
41 
25 
46 
53 
53 
29 
48 
31 
37 
31 
53 
40 
26 
47 
49 
41 
52 
46 
37 
39 
41 
31 
35 
26 
53 
48 
52 
43 
48 
42 
28 
46 
27 
48 
30 
29 
41 
67 
48 
39 
27 
33 
26 
