302487 
198811 
35055 
190637 
206834 
313345 
65494 
397847 
362384 
171189 
188679 
115911 
278990 
278331 
355819 
250292 
61979 
321524 
244519 
181319 
143467 
107629 
265051 
25605 
207743 
127068 
216817 
340568 
196098 
68374 
199116 
55097 
330879 
83770 
279755 
6318 
57580 
248473 
182468 
376118 
157328 
84689 
368311 
265713 
313106 
97765 
66573 
341144 
146317 
28373 
61719 
390547 
74050 
151848 
105180 
43833 
264621 
359106 
23528 
350986 
84710 
36663 
367105 
110720 
293876 
99678 
258372 
4166 
142257 
182398 
148400 
133653 
140537 
26844 
22100 
121742 
309162 
311280 
158277 
129584 
353886 
184767 
113820 
140516 
228806 
283750 
10994 
128329 
13162 
318005 
46634 
261593 
116774 
54183 
242819 
47219 
1994 
165487 
16931 
289595 
266283 
214671 
354648 
307896 
62039 
374937 
141303 
250726 
130947 
100153 
262634 
160664 
264855 
107444 
85971 
222498 
18798 
148950 
169052 
32646 
275492 
284905 
230824 
96972 
236153 
77111 
26907 
76150 
100475 
60975 
243478 
107314 
260373 
281032 
78722 
395438 
161934 
115268 
302985 
346471 
2926 
121413 
62611 
214577 
219120 
384326 
2668 
351651 
163375 
249401 
335794 
172662 
9787 
189839 
183980 
26497 
392936 
394750 
1753 
315329 
94641 
323254 
283763 
72815 
241695 
306541 
369844 
40360 
340222 
286923 
1359 
363672 
160779 
345313 
304233 
165356 
245921 
160222 
85625 
159357 
188102 
31660 
252851 
329502 
9837 
259835 
137800 
195293 
6990 
387613 
264209 
346615 
176863 
331284 
17981 
259809 
1707 
26849 
249637 
320015 
275985 
298536 
109998 
365423 
301344 
287652 
73515 
135958 
141127 
17879 
175748 
220797 
319958 
30032 
346333 
381268 
225395 
207182 
310192 
289326 
384750 
197789 
87448 
256005 
219873 
220067 
387919 
251431 
191525 
340974 
22249 
45263 
240274 
111701 
200936 
297887 
345060 
293469 
135109 
370761 
221791 
328349 
236018 
245606 
194621 
309543 
327334 
254663 
255932 
247604 
46836 
256144 
130071 
377009 
243697 
191147 
229284 
249156 
216956 
193210 
340448 
55732 
71882 
104131 
179499 
179018 
353670 
272924 
332544 
172626 
32398 
207140 
30290 
301447 
360129 
109117 
170662 
265284 
190417 
44511 
365059 
57519 
369403 
37233 
380461 
309891 
334245 
13341 
219237 
112430 
379883 
198328 
47492 
208142 
870 
6841 
335076 
362030 
338258 
344232 
95810 
261467 
382815 
136769 
276866 
393729 
338372 
363209 
160442 
260535 
59031 
398412 
135235 
108042 
190739 
315069 
121294 
24080 
384548 
247874 
353883 
214519 
152070 
200014 
319062 
385154 
298099 
75168 
205700 
121993 
202183 
233474 
281612 
29289 
358490 
372761 
292667 
290695 
12261 
237924 
195458 
118170 
370532 
395721 
233224 
395930 
336130 
153783 
16513 
61945 
287216 
213805 
48651 
26875 
26087 
119695 
34078 
161288 
45482 
209745 
380645 
327543 
361100 
44384 
157127 
37319 
310382 
126197 
331347 
73006 
229178 
45353 
392233 
235200 
396003 
130557 
28151 
283383 
129828 
44230 
246834 
358414 
123495 
389556 
141641 
329432 
274026 
313974 
216211 
388280 
20602 
210766 
218623 
379026 
201562 
161681 
155965 
111873 
221331 
26555 
268609 
5217 
252631 
375503 
213578 
268361 
319535 
224635 
302920 
127318 
101090 
138034 
359319 
258232 
384093 
158375 
250197 
209032 
266479 
40786 
78986 
249730 
206681 
162362 
125161 
10603 
34575 
353591 
52016 
139802 
81634 
373229 
310759 
199359 
298860 
59706 
115056 
74702 
60661 
14253 
289710 
292450 
216714 
28834 
360847 
78540 
13257 
136167 
314896 
72445 
114519 
121938 
291125 
126691 
20973 
174029 
178653 
312167 
33476 
233025 
166023 
281960 
338170 
34744 
123444 
132219 
83121 
169534 
124980 
213925 
368287 
293657 
357557 
394543 
208024 
200277 
273395 
327962 
298965 
185178 
344491 
15331 
239099 
109305 
326097 
87483 
128486 
2667 
54813 
71127 
152956 
205814 
181795 
240637 
279668 
336885 
238987 
369741 
337451 
349847 
61054 
64234 
136511 
148062 
61118 
150155 
246199 
149668 
182936 
30316 
171148 
247482 
258770 
247734 
104096 
312352 
15371 
386925 
232659 
69010 
191909 
119735 
94531 
3574 
144022 
156611 
368653 
263525 
216427 
274984 
310153 
62692 
45538 
389857 
280553 
23093 
132598 
46087 
181111 
357631 
14759 
80356 
32622 
365510 
315929 
294421 
218327 
323494 
234865 
93188 
84463 
220486 
323215 
215450 
383385 
74625 
303946 
341537 
338087 
363485 
188243 
75187 
311694 
328811 
276552 
191038 
132231 
354046 
61777 
264802 
365941 
38905 
251998 
34900 
106031 
361574 
371518 
275879 
132417 
298241 
70185 
211479 
91958 
377117 
250354 
352700 
325781 
306654 
99526 
121103 
385927 
148794 
2308 
388730 
255185 
284464 
241650 
226228 
174741 
265143 
192052 
267052 
335767 
213517 
126611 
193574 
353353 
96858 
12825 
179348 
314000 
277175 
132916 
283342 
47812 
140185 
245938 
302551 
152979 
231061 
146788 
285729 
223473 
24345 
297191 
136343 
183987 
326402 
30499 
53464 
48556 
260201 
30579 
274656 
142299 
395039 
73534 
136370 
41572 
323213 
42509 
63339 
78104 
228503 
187288 
204824 
160120 
163004 
31887 
184122 
100229 
168828 
173315 
113532 
123182 
76922 
366964 
235838 
76692 
55837 
390440 
338771 
105257 
195096 
156276 
265540 
384938 
20702 
10506 
68437 
52119 
29039 
159843 
129272 
331950 
285087 
287374 
399499 
273952 
214039 
222066 
66675 
151187 
178790 
48744 
117505 
246232 
360052 
85002 
340152 
207331 
269919 
59314 
133362 
136152 
222107 
104126 
196249 
111425 
142113 
111919 
319544 
363481 
393794 
231373 
201262 
294593 
307472 
193795 
93979 
252619 
92500 
311435 
38695 
281442 
112860 
361056 
166313 
13912 
67814 
394068 
339172 
308786 
79831 
311238 
43425 
216365 
313024 
162881 
97011 
340872 
393506 
217107 
223468 
108701 
278758 
271643 
43442 
385128 
278223 
181260 
371755 
237313 
3268 
362757 
219010 
150135 
130865 
282583 
279913 
198502 
111415 
335516 
39526 
153544 
331598 
142268 
139870 
339143 
33203 
129987 
38306 
273588 
396146 
302762 
34974 
67784 
209846 
363933 
311671 
11947 
99250 
103767 
343299 
6469 
211955 
194749 
133908 
276709 
379522 
361886 
244524 
161333 
204607 
121454 
112020 
311946 
249428 
285585 
235214 
21883 
368185 
87592 
78476 
357649 
192714 
64669 
199557 
291174 
301011 
22139 
61809 
315547 
285109 
194907 
251791 
89827 
219691 
342385 
324461 
194858 
148652 
175168 
106138 
389144 
272013 
48251 
262952 
141055 
291447 
302258 
377532 
81725 
62372 
174820 
135735 
49290 
17696 
293025 
290010 
172871 
151485 
284273 
73518 
66894 
308776 
333286 
320785 
27628 
330694 
68979 
71164 
358189 
171365 
288435 
348823 
230248 
386 
268549 
265434 
354420 
33030 
313226 
162223 
163835 
345169 
344913 
38596 
92553 
62545 
397097 
172822 
206617 
307422 
308898 
202355 
149899 
227143 
161146 
125737 
45096 
13606 
99633 
258242 
393742 
107260 
162702 
324849 
119402 
79985 
30992 
248156 
299533 
226043 
396098 
226867 
7160 
338667 
147139 
300576 
41845 
61324 
347763 
81818 
240047 
146722 
161216 
22878 
145744 
192112 
97455 
76871 
365176 
95227 
142035 
173124 
52002 
30160 
307003 
111848 
77716 
362916 
18988 
259737 
64876 
309806 
68137 
187502 
336105 
150581 
166506 
314130 
250624 
294254 
267196 
277726 
171786 
259940 
42494 
227927 
289988 
290448 
147315 
146171 
215560 
84130 
183368 
197104 
83407 
139937 
217641 
140620 
320475 
90883 
200883 
135920 
210923 
307493 
37548 
165810 
384642 
348926 
162948 
239529 
360518 
103489 
327607 
126247 
223400 
35378 
198775 
399990 
369091 
254814 
342863 
203362 
151594 
181894 
322967 
312941 
309252 
359862 
381907 
363016 
343838 
12679 
243965 
180536 
261125 
290929 
264667 
138865 
354857 
203336 
68473 
120866 
12851 
207800 
158159 
395371 
158492 
95457 
252179 
95329 
151787 
90111 
52211 
276625 
113023 
202882 
387628 
102836 
275197 
212134 
262245 
241036 
119953 
124794 
21154 
284475 
176411 
187064 
243127 
339680 
331633 
263985 
127215 
20811 
212226 
61480 
257772 
221102 
391596 
247882 
265990 
136329 
136100 
220959 
365322 
174659 
3090 
140499 
273934 
333383 
311912 
356024 
234090 
42159 
323561 
9076 
207270 
271426 
48250 
270607 
207993 
230214 
31048 
76107 
183997 
352752 
21099 
193731 
49972 
216359 
345225 
50274 
142742 
55735 
78087 
291483 
88343 
240955 
397644 
388706 
390888 
246340 
7173 
146976 
81166 
170784 
91799 
85340 
253856 
489 
394517 
261716 
5895 
36105 
23944 
335221 
1816 
251983 
230135 
238462 
368740 
208133 
15829 
362215 
271733 
193282 
24254 
165987 
391298 
279870 
190657 
101993 
387 
9221 
33804 
352207 
170065 
150703 
47290 
127634 
320820 
122263 
392523 
271362 
44468 
10839 
266992 
156549 
44274 
332008 
8879 
177575 
306185 
120238 
318440 
336599 
396877 
361925 
313655 
329369 
303088 
389434 
155673 
199581 
181870 
183752 
267217 
219235 
274387 
225732 
88268 
259166 
31207 
53886 
247865 
389251 
276056 
341186 
8397 
181103 
130360 
193656 
313954 
225801 
208789 
356238 
273849 
29260 
206376 
395299 
295800 
219314 
375504 
227674 
69030 
381688 
223753 
88826 
129401 
105603 
361567 
398250 
392368 
9942 
290963 
62494 
18126 
236547 
263281 
192156 
384405 
173747 
1279 
69525 
59910 
244122 
218290 
384707 
374450 
111323 
27078 
349048 
97745 
220969 
227615 
148295 
181854 
57990 
87409 
2232 
299055 
370260 
167831 
174461 
274141 
75011 
79639 
359317 
259915 
128616 
30705 
213356 
276283 
26697 
246321 
124848 
384895 
294572 
93905 
203777 
35395 
73376 
86612 
265299 
319166 
386902 
22065 
373584 
134546 
274480 
195172 
355611 
42 
279754 
24061 
286965 
307231 
251432 
395649 
327952 
267465 
324572 
55604 
240800 
388156 
315595 
196386 
379246 
302018 
234859 
294876 
296680 
305994 
301741 
271037 
109808 
58216 
6419 
329590 
287240 
27491 
147334 
246148 
348119 
264994 
364632 
256854 
330587 
392437 
58280 
319304 
252507 
69083 
159565 
4714 
113846 
266708 
58020 
322246 
325464 
250775 
174543 
90430 
128130 
174233 
259062 
40288 
73969 
146354 
16094 
398578 
27482 
67324 
103515 
77791 
223046 
345732 
316798 
200021 
379748 
171668 
194401 
206091 
125135 
17678 
38682 
347260 
93060 
255866 
381393 
327972 
309283 
88478 
160802 
243647 
294432 
298398 
111785 
137185 
197206 
146473 
95755 
185540 
229932 
106934 
374605 
271557 
337424 
155951 
200387 
364398 
129845 
33079 
14230 
135343 
324212 
133202 
14334 
42986 
135431 
252508 
242573 
230430 
104180 
143120 
70045 
160335 
209158 
206717 
26881 
125853 
179866 
232481 
268784 
333416 
193371 
154772 
376663 
75713 
390119 
224841 
297872 
358359 
279074 
250461 
235728 
192972 
40965 
17281 
396896 
84489 
137355 
202774 
41001 
50903 
383015 
269901 
32651 
109517 
185727 
143113 
219095 
60391 
322894 
272945 
237210 
86302 
198252 
109496 
210678 
156710 
261155 
116713 
109724 
75263 
250889 
197715 
18845 
21017 
253083 
252337 
244131 
157040 
10546 
375602 
362704 
177313 
107271 
218588 
67263 
207312 
142580 
265871 
196903 
185141 
397274 
104044 
128207 
326658 
31441 
222877 
367434 
293107 
93296 
199265 
219810 
91296 
295468 
217571 
77753 
116231 
281693 
65877 
122176 
199822 
113277 
68309 
141800 
37550 
195738 
134938 
57004 
180006 
239431 
29865 
101112 
21319 
116861 
158884 
23877 
40069 
97460 
344577 
378430 
262152 
364117 
27923 
71596 
240779 
347535 
96794 
220747 
388042 
197984 
221377 
221490 
325538 
290905 
159921 
387796 
272273 
56951 
381946 
173586 
310222 
365177 
313339 
111657 
357907 
117108 
358142 
96002 
209030 
234030 
201870 
221877 
337512 
21708 
65216 
228455 
178145 
237540 
113806 
232601 
65219 
57376 
330139 
99631 
52063 
282610 
180310 
256551 
249788 
143646 
347149 
72595 
179459 
71280 
210569 
173442 
84749 
331253 
219680 
354389 
314952 
30787 
207004 
196608 
134634 
48966 
290848 
294842 
114282 
166065 
259326 
316365 
98781 
175730 
332173 
141243 
261491 
328980 
379314 
100243 
7705 
126482 
306513 
63529 
300998 
281860 
211588 
52486 
130717 
80306 
146066 
375098 
152275 
317829 
23672 
111563 
224067 
126729 
95075 
94424 
372531 
249119 
282311 
269085 
369448 
96952 
366910 
229347 
334272 
122194 
377959 
88726 
186399 
260363 
156364 
174864 
386699 
274326 
20291 
390312 
26936 
14977 
299473 
172961 
121881 
176376 
69282 
115648 
351928 
45999 
191169 
234775 
244064 
341491 
335393 
89244 
312016 
12329 
62585 
288524 
206218 
6441 
396326 
10306 
112907 
173409 
255455 
160070 
68155 
159595 
138092 
399638 
130176 
387897 
240381 
77697 
15438 
61013 
336646 
225038 
19999 
170171 
350491 
35047 
68509 
121034 
210793 
318173 
258277 
364308 
397050 
371041 
228570 
121596 
295964 
113008 
201089 
139133 
62153 
15024 
78923 
367092 
351715 
285927 
310462 
60872 
203969 
149095 
119443 
170813 
358970 
216417 
238012 
340447 
307789 
277225 
206417 
206023 
2865 
375033 
229609 
258495 
332340 
136377 
265427 
378125 
249909 
362248 
24376 
219469 
251160 
20537 
178881 
306025 
318131 
360432 
185162 
206963 
370305 
92154 
231413 
128565 
89620 
236235 
369206 
310246 
12070 
392830 
106319 
59260 
154726 
99813 
396137 
343608 
340651 
64426 
177546 
184230 
239607 
60726 
328375 
381331 
211078 
2772 
89575 
78220 
152933 
40771 
326610 
50561 
379986 
30743 
242747 
278988 
360171 
224936 
80118 
97042 
117273 
248769 
137674 
166237 
360833 
104288 
3405 
386436 
25764 
224789 
377288 
115905 
68386 
178598 
12650 
88958 
270901 
306019 
235932 
149064 
327259 
388934 
158154 
380785 
324353 
188993 
282947 
339971 
49835 
360216 
333167 
33498 
303843 
85459 
72203 
53733 
318698 
156707 
190290 
387184 
178989 
93170 
128325 
215773 
258701 
27713 
154605 
354601 
142805 
322773 
225147 
294977 
215519 
308982 
293858 
39820 
295479 
382226 
392778 
266207 
336277 
331702 
392872 
103743 
132124 
335753 
381214 
351250 
187928 
243148 
268867 
201874 
254055 
27240 
186793 
151152 
367911 
320021 
398339 
129714 
156323 
109830 
227336 
90589 
163073 
198003 
210985 
180400 
75655 
86003 
129929 
178100 
222823 
390976 
71343 
235068 
176557 
48280 
329687 
322158 
99978 
66324 
272402 
42174 
382315 
12581 
293468 
87397 
192969 
215466 
221902 
365940 
342891 
342212 
379960 
73549 
327136 
255279 
250136 
302499 
315405 
308447 
113563 
196398 
176914 
391747 
287648 
24867 
242226 
39161 
329673 
207722 
220572 
105296 
166011 
320318 
257260 
238448 
175531 
53641 
237480 
64441 
38858 
251091 
293798 
3858 
57090 
378268 
198487 
287138 
294197 
182560 
25794 
15250 
236499 
184140 
249892 
385786 
362697 
77090 
16846 
343806 
346216 
134844 
389542 
159251 
242605 
302925 
111933 
257787 
233675 
327421 
305637 
176893 
34983 
244325 
67275 
333873 
293810 
393931 
207373 
106072 
61052 
300794 
284525 
339159 
86341 
390111 
65523 
204054 
295037 
33950 
332332 
356199 
362996 
53510 
74641 
225313 
222592 
200625 
173426 
252671 
170865 
126448 
52036 
48392 
243201 
349995 
107143 
13519 
91882 
165336 
42101 
103398 
365695 
110896 
263786 
113126 
269211 
102628 
389107 
21249 
289155 
357644 
8266 
251267 
245536 
25145 
346678 
62916 
201750 
141693 
217009 
220481 
67109 
185496 
215363 
200514 
351969 
258407 
175398 
108490 
200002 
160597 
305278 
237034 
272345 
133435 
39754 
208985 
67403 
311614 
240842 
114363 
206445 
266292 
312053 
253671 
312531 
141406 
140929 
118990 
341505 
207624 
212852 
55265 
40410 
172099 
138581 
220833 
278855 
358276 
167496 
237914 
265318 
262530 
278530 
291093 
224344 
226924 
185134 
273625 
83217 
38300 
392633 
197972 
9302 
354552 
252949 
370654 
48910 
63282 
348210 
244215 
35392 
219840 
82497 
137301 
175102 
380330 
367061 
140934 
8295 
107952 
93520 
355141 
256010 
275063 
13262 
26121 
272437 
307484 
96512 
121864 
30779 
7704 
76071 
258525 
180130 
37531 
375288 
115793 
116920 
26387 
49166 
23555 
75438 
168229 
399025 
228833 
385811 
5030 
344005 
241073 
266441 
70459 
31511 
103140 
340641 
117359 
261293 
3150 
79969 
38593 
148870 
262140 
52880 
295761 
354139 
394026 
67417 
17484 
310200 
356901 
162848 
79359 
339285 
270080 
240927 
393248 
212278 
315477 
58935 
40070 
36773 
270417 
223346 
178988 
41316 
317276 
119538 
305194 
342910 
278295 
105666 
115782 
19034 
62012 
11372 
309677 
367412 
234611 
190730 
256289 
355721 
279205 
193536 
380270 
307249 
371483 
286201 
339023 
121089 
92971 
352269 
98834 
300264 
51913 
244851 
96184 
304898 
73667 
136993 
266919 
216006 
90460 
365122 
274985 
99722 
21205 
40826 
105192 
198177 
245441 
274607 
272268 
100451 
259934 
108794 
166612 
260562 
353873 
152827 
94098 
254634 
325030 
14149 
38433 
38874 
20890 
71179 
374134 
298421 
132490 
229059 
187627 
70517 
113320 
348128 
242461 
176239 
349146 
179665 
387622 
47495 
20202 
324961 
121500 
34489 
104411 
362140 
319291 
253939 
260400 
335025 
100636 
342913 
90226 
380632 
158029 
227763 
156712 
99929 
4124 
57451 
125975 
54942 
60903 
67423 
185567 
303925 
173223 
9960 
172886 
152293 
373791 
321363 
53664 
160075 
148537 
384659 
65821 
132018 
166787 
176067 
27962 
23352 
194721 
384226 
20917 
333163 
319184 
188049 
309077 
120763 
94365 
136854 
319512 
267197 
286563 
340078 
40831 
398011 
115666 
391319 
165448 
286170 
335241 
329683 
391557 
148139 
194069 
290765 
216097 
204522 
67282 
173941 
31139 
66073 
116937 
390345 
297955 
119442 
250730 
312254 
11312 
291146 
222115 
73166 
202223 
130188 
69556 
181518 
47645 
57646 
250961 
243323 
77621 
129937 
380869 
61746 
193823 
111538 
159897 
2840 
195912 
131704 
319867 
305250 
394342 
208978 
11072 
176572 
336111 
287096 
51582 
204614 
145670 
6496 
115996 
71283 
158214 
356977 
5635 
368343 
108769 
70913 
337040 
158163 
392091 
50814 
258252 
142120 
339839 
282379 
44442 
398515 
152280 
296087 
257703 
334473 
130666 
50464 
152655 
145106 
126768 
180062 
227348 
105718 
281152 
271907 
194108 
115024 
67574 
211872 
20367 
305780 
135853 
276962 
265685 
236033 
144775 
301721 
287030 
45785 
281018 
298392 
360634 
386268 
120213 
260107 
267006 
169287 
63468 
183100 
94319 
364951 
251036 
180381 
171002 
65006 
14951 
226215 
11112 
35157 
30434 
186000 
35469 
211191 
204556 
145283 
233316 
207837 
329308 
60560 
364993 
152412 
90730 
298733 
237694 
57293 
270465 
93632 
147494 
353999 
182013 
84832 
39805 
133042 
334988 
300566 
182305 
183639 
16569 
273661 
354254 
127796 
71748 
356087 
270623 
290361 
371028 
130268 
370038 
85703 
322748 
107395 
233905 
182828 
162905 
43326 
107404 
195286 
358382 
354249 
240510 
34108 
319755 
81542 
365858 
243155 
190036 
66340 
140540 
189777 
160754 
375086 
280645 
91518 
272808 
299163 
308899 
41245 
198006 
389198 
20794 
288305 
162417 
128518 
212944 
325980 
32665 
296996 
306968 
229625 
29402 
162263 
206624 
2300 
82838 
7891 
135035 
268649 
166205 
341308 
102569 
65655 
397007 
268835 
158644 
138492 
48722 
192247 
244240 
252345 
671 
219227 
298705 
189885 
306764 
366135 
203285 
134835 
201408 
326024 
276031 
46936 
156406 
110770 
134001 
44529 
284297 
188473 
293237 
67693 
201816 
315082 
183903 
275217 
365203 
97371 
220193 
127237 
2851 
110212 
179784 
63703 
278891 
157974 
132925 
373548 
289364 
393056 
337448 
195961 
110021 
36837 
188702 
80512 
209993 
324233 
170652 
208018 
215307 
62646 
234399 
1493 
230027 
87146 
138935 
31751 
205057 
270494 
220562 
300897 
121448 
253547 
33515 
227419 
189778 
123689 
303286 
318551 
52306 
171872 
189448 
265806 
338483 
297517 
197783 
125903 
345773 
218622 
295193 
133982 
10542 
144441 
17027 
222395 
80833 
267323 
197457 
355793 
145558 
176929 
13308 
30409 
149758 
123386 
363032 
44935 
43930 
40711 
262484 
301401 
253676 
6844 
268425 
186767 
291018 
288898 
266459 
327318 
207818 
286228 
135960 
375866 
8463 
32026 
158559 
18316 
180294 
132537 
293309 
134358 
357072 
309371 
223442 
69687 
242377 
45930 
366266 
284230 
40033 
164594 
176665 
97904 
170386 
394930 
113736 
200978 
147420 
29528 
305927 
303084 
32735 
316121 
351566 
11246 
162863 
357374 
98044 
339284 
66860 
294173 
95217 
118262 
394946 
161071 
293060 
315382 
164635 
151526 
358552 
368049 
349978 
96150 
233434 
151667 
156665 
199740 
177651 
317339 
200235 
239894 
43618 
104999 
283861 
76323 
389248 
14463 
192962 
92308 
262253 
136194 
276072 
333862 
185527 
65751 
195415 
180304 
116251 
73466 
279356 
220509 
137517 
304330 
226263 
293263 
219927 
95433 
147448 
261606 
302830 
14246 
374420 
166472 
319310 
179247 
270523 
233888 
6680 
276438 
98480 
36935 
59039 
277648 
11491 
227343 
383920 
391679 
80461 
202009 
260669 
131591 
105763 
220423 
138961 
265095 
25978 
112398 
217151 
81487 
209170 
350457 
49271 
131051 
323400 
383256 
119894 
363345 
256642 
346130 
158630 
130152 
162388 
336851 
111349 
359480 
147534 
18421 
167602 
371431 
373475 
184536 
96421 
258641 
285626 
364079 
115111 
175683 
199087 
73158 
395803 
302042 
245525 
385554 
101916 
148268 
303795 
101294 
320212 
85588 
57409 
66994 
78534 
140361 
358854 
293364 
56417 
249266 
298846 
286716 
312739 
369615 
16324 
272428 
127886 
210578 
112958 
22332 
14249 
396861 
24800 
163542 
89849 
97278 
7325 
148346 
48576 
2837 
7276 
136043 
177157 
237467 
272107 
215514 
309887 
87607 
117545 
77709 
126022 
120982 
131094 
218557 
170358 
74304 
393321 
81427 
331459 
37331 
398646 
184276 
235441 
100010 
362126 
84926 
255901 
263443 
38263 
187499 
164308 
280652 
124629 
38147 
327423 
261279 
161452 
284696 
335136 
348711 
347692 
243171 
261448 
176483 
387198 
38735 
384638 
231281 
243920 
16134 
103890 
66284 
310413 
62343 
341837 
35251 
116107 
302785 
76436 
29983 
228965 
289920 
337579 
335689 
154212 
15726 
167354 
63244 
356131 
109107 
12930 
1995 
9142 
83706 
553 
123973 
50539 
306212 
236639 
264722 
247560 
304871 
195300 
68615 
377109 
67982 
98802 
17044 
39840 
75591 
55509 
347768 
288773 
295205 
280127 
324415 
256885 
246978 
50058 
397764 
63516 
265778 
249939 
294393 
72395 
386220 
76316 
211607 
95718 
196335 
167489 
86997 
202635 
373155 
129319 
88586 
169323 
39679 
372824 
258745 
327338 
372674 
2878 
147068 
373767 
66551 
173047 
223466 
4117 
92126 
85700 
53701 
341818 
328690 
45142 
113990 
368061 
223131 
312497 
58628 
168901 
122510 
345741 
10229 
393842 
49622 
46334 
238196 
48810 
220668 
264607 
260185 
176343 
233084 
96548 
253819 
297387 
386470 
65070 
152729 
359838 
68582 
149253 
393342 
289352 
99215 
278394 
5299 
167997 
393763 
361914 
232265 
337666 
31690 
42056 
99475 
66886 
14834 
57804 
324629 
279508 
298471 
17446 
207147 
179307 
305479 
273072 
160840 
162381 
240521 
309874 
154475 
244955 
179715 
166403 
24264 
163496 
182519 
42565 
60562 
168143 
130905 
362966 
152741 
208266 
389043 
334086 
364134 
269492 
194331 
40875 
188436 
271982 
283173 
276425 
149073 
238961 
164810 
332476 
19615 
35006 
251137 
338326 
121151 
31965 
244465 
294657 
50113 
330801 
120435 
306617 
166697 
66253 
2574 
328377 
79719 
389614 
45243 
181552 
264749 
55405 
200263 
121134 
360604 
202634 
199100 
235711 
154020 
153532 
142139 
217816 
64094 
43309 
29093 
155984 
321274 
30964 
29234 
230421 
172218 
18134 
78794 
270696 
30331 
317007 
219 
268969 
352669 
131539 
348271 
290946 
182920 
17929 
107408 
286158 
258566 
95406 
377776 
249237 
20139 
391976 
217306 
337143 
192699 
194339 
260584 
232931 
39064 
179015 
86541 
220636 
1179 
3639 
218285 
290023 
208099 
117207 
382623 
5111 
168749 
247285 
364983 
170237 
107466 
123947 
379938 
311650 
2979 
320118 
298465 
168912 
221913 
22451 
54322 
186774 
48401 
6501 
310954 
283587 
150216 
27127 
28963 
58294 
235128 
199625 
341727 
242689 
162492 
93174 
130518 
36609 
155140 
361858 
241206 
3324 
156144 
249038 
290553 
341900 
144477 
343983 
174021 
207163 
212265 
387661 
321135 
351952 
363551 
57521 
137030 
22527 
356417 
168517 
198147 
38317 
292696 
137274 
205187 
395794 
211683 
250449 
141659 
65509 
237680 
338918 
77092 
232519 
254263 
141380 
63303 
106252 
56577 
268050 
59697 
45093 
87286 
165468 
199631 
156231 
292328 
372296 
234112 
371617 
323468 
318924 
70180 
187007 
196475 
34749 
90585 
277896 
354017 
93264 
118484 
254287 
268730 
245847 
81403 
262555 
382911 
88233 
297229 
96248 
178496 
241960 
207282 
164869 
287267 
392657 
246375 
213924 
138247 
387195 
225574 
362485 
16234 
49783 
356255 
202140 
123053 
7616 
163250 
159250 
227788 
236627 
75139 
85822 
341435 
236670 
308749 
19381 
132488 
87458 
117205 
146036 
31275 
156164 
248527 
345687 
295629 
350288 
20536 
228775 
77572 
115408 
94703 
386822 
52477 
361401 
340457 
363563 
243986 
54359 
258766 
393002 
7303 
16231 
130126 
122597 
399064 
12420 
203729 
321157 
206108 
229242 
186294 
184376 
321028 
324413 
24527 
143529 
42537 
355623 
201897 
397533 
10415 
220559 
174035 
192410 
152861 
48867 
52429 
192628 
372907 
40615 
306564 
307922 
307013 
200432 
116080 
156468 
9886 
180940 
232689 
206206 
183560 
162186 
255816 
86405 
190613 
37310 
258938 
235848 
149254 
364054 
308656 
346123 
346358 
263044 
333829 
214930 
268734 
20442 
2589 
213820 
369669 
353257 
321224 
293593 
199618 
141137 
396237 
342253 
353024 
342139 
106927 
13931 
132233 
293833 
201410 
215505 
224254 
290274 
385080 
256780 
25176 
255292 
331525 
216668 
35814 
340330 
333021 
363873 
301834 
103180 
277883 
81285 
133814 
152610 
325577 
68429 
126184 
3419 
322435 
167120 
382490 
199124 
388318 
68543 
353942 
64827 
319849 
169556 
193200 
274139 
306741 
187255 
140675 
49509 
382349 
4923 
259990 
240729 
285999 
147582 
226904 
242657 
385019 
189770 
144096 
7128 
99986 
149348 
350585 
51024 
347028 
352143 
184794 
37369 
152365 
42595 
210582 
145491 
97402 
103248 
351731 
189996 
132413 
270584 
253741 
118339 
136560 
370475 
392377 
377784 
224530 
261584 
199208 
263436 
163795 
345840 
178602 
57160 
366202 
108054 
70103 
132687 
337057 
297485 
25060 
118423 
190469 
317570 
39650 
3763 
272279 
126257 
192200 
7044 
172889 
302115 
105499 
310414 
297980 
234120 
50660 
165606 
287994 
200131 
150320 
300046 
338417 
77045 
115532 
123622 
27287 
256632 
271366 
126968 
10062 
164731 
85176 
238386 
229657 
299810 
354374 
207138 
165889 
79860 
254726 
141097 
186334 
1457 
348236 
16055 
286432 
232846 
158033 
60350 
10670 
118898 
362620 
242167 
57945 
98474 
285493 
92872 
76898 
270525 
311916 
260076 
239430 
927 
369005 
266581 
380363 
303685 
290503 
327179 
283250 
367525 
108613 
376304 
147836 
121122 
167141 
64360 
13964 
294549 
270493 
330064 
134625 
338945 
29374 
200172 
221243 
381195 
398693 
381580 
100441 
125963 
276674 
216505 
109538 
75243 
222559 
276636 
126457 
286239 
389443 
37926 
46839 
125905 
59605 
82665 
244742 
380780 
43387 
106756 
115384 
158907 
165361 
373510 
134806 
154157 
282871 
17050 
93376 
27061 
44895 
122279 
301881 
288598 
281449 
54458 
319808 
52815 
136921 
34180 
206721 
169978 
276728 
133276 
241197 
380141 
356332 
230228 
397521 
390973 
14264 
28135 
360899 
143780 
86882 
261036 
380002 
94388 
214952 
173759 
224908 
272376 
217943 
324661 
263047 
302150 
232504 
62999 
25528 
114331 
370605 
350959 
211308 
77472 
29399 
309548 
350864 
327270 
359071 
168856 
359349 
252000 
22534 
43800 
219668 
252223 
300404 
133262 
338425 
214181 
351266 
397355 
229156 
20971 
35301 
61493 
243926 
83462 
173949 
160458 
167811 
184516 
392307 
80930 
389003 
84696 
327178 
19528 
184979 
348750 
332268 
312003 
120469 
195380 
46049 
250356 
22740 
309637 
322929 
292672 
287776 
189176 
293419 
173277 
78390 
192317 
291249 
49562 
4576 
154790 
114418 
275449 
250269 
82562 
255317 
10963 
144603 
206388 
102754 
342993 
44699 
12726 
94501 
46217 
177614 
106737 
297006 
13972 
254215 
329968 
150421 
290602 
398288 
247378 
313451 
92455 
277987 
140 
291044 
316101 
242264 
219775 
34657 
182394 
92546 
8166 
42684 
391630 
75922 
25058 
101267 
71521 
86634 
75057 
258665 
89305 
256874 
225074 
243871 
212012 
306545 
134214 
123024 
381007 
130780 
117084 
261091 
27131 
350334 
118174 
86158 
310833 
99073 
49715 
101372 
12653 
294900 
246305 
330168 
119754 
261408 
100960 
185206 
115977 
337404 
141946 
314317 
78386 
270133 
229694 
311139 
67169 
301246 
14783 
252287 
250517 
165948 
379839 
248048 
265322 
280750 
189586 
178055 
105313 
187705 
30854 
267298 
371975 
258086 
153237 
99125 
371838 
269962 
13278 
324631 
59377 
137722 
136427 
356611 
395060 
164341 
346867 
317737 
340670 
340203 
236815 
333239 
228407 
269124 
390368 
298025 
13277 
140999 
286651 
144630 
85882 
73444 
200359 
86780 
296582 
94012 
240759 
43796 
270638 
34242 
69783 
204584 
300521 
124684 
361620 
190230 
90992 
145 
158051 
132588 
152736 
177418 
219744 
154119 
222632 
290914 
21695 
17046 
241071 
51592 
292486 
56595 
65186 
278158 
274550 
69756 
139840 
281001 
228126 
44772 
339789 
336958 
393097 
3748 
54242 
358480 
60147 
71549 
228655 
568 
65173 
135587 
206131 
332227 
22305 
8688 
374670 
248337 
296438 
88150 
114902 
377213 
12464 
67306 
333043 
166059 
8616 
346488 
178571 
240642 
264027 
110840 
74420 
274605 
292153 
28822 
182384 
172219 
97751 
207491 
93789 
190267 
264554 
326731 
202881 
17857 
268028 
334311 
12226 
134044 
327057 
71462 
325028 
1150 
161894 
238976 
148362 
111435 
217655 
182772 
89704 
264161 
331369 
143096 
96971 
53161 
342595 
64562 
290881 
38601 
79859 
349477 
372609 
248760 
113161 
236329 
39108 
94864 
298960 
122677 
226185 
136614 
328768 
50025 
193250 
184243 
303419 
187144 
289242 
371873 
215964 
352934 
94444 
197969 
283540 
157716 
142552 
62271 
335777 
72682 
52983 
233774 
103077 
101922 
311320 
120748 
7501 
49138 
190042 
101716 
190248 
302110 
367588 
91874 
34902 
28253 
5128 
278432 
391550 
28004 
167150 
185850 
199345 
209551 
22226 
271564 
1319 
398174 
334679 
108946 
249696 
50420 
300589 
261579 
157161 
150126 
86300 
113263 
54084 
129717 
276762 
314515 
186079 
382553 
81583 
377011 
260378 
338274 
329283 
327785 
176908 
153271 
359731 
323778 
380054 
291721 
357598 
202331 
16642 
227826 
103070 
292754 
341064 
89846 
128877 
232467 
30287 
269811 
18426 
389945 
350074 
291985 
205667 
311538 
51247 
254880 
76372 
14752 
366478 
370890 
98996 
357160 
113457 
7851 
289711 
149300 
333488 
268222 
313777 
265370 
255302 
323011 
306757 
132913 
281420 
21383 
358833 
125492 
362778 
7882 
180929 
270486 
351096 
286068 
137711 
204713 
72014 
274266 
63992 
145590 
383212 
252878 
79132 
84723 
233042 
240892 
244860 
237990 
123067 
210019 
39095 
188139 
284064 
239606 
14750 
22596 
326021 
277126 
139665 
381201 
399632 
140458 
269415 
87205 
323442 
18139 
48143 
223371 
351392 
168660 
328605 
171554 
173690 
46533 
343824 
205073 
148873 
7832 
128692 
392142 
152484 
325483 
123408 
98894 
28515 
38010 
240936 
304419 
366212 
376764 
192049 
340531 
383284 
334118 
370087 
294820 
355497 
93868 
302661 
267152 
380581 
388806 
2306 
220994 
116743 
72586 
314492 
82271 
151011 
335842 
32520 
335910 
331069 
85004 
48140 
384212 
40185 
210038 
121754 
23878 
99375 
182790 
40810 
394580 
116456 
187033 
121205 
239100 
80079 
193451 
329070 
27891 
227232 
195443 
83918 
137764 
361968 
228467 
140286 
80890 
233302 
61298 
268447 
298159 
8784 
66188 
384616 
387729 
308134 
161429 
286881 
356554 
369912 
215217 
202187 
46483 
340506 
243507 
322508 
112741 
351524 
98947 
246386 
396883 
287109 
97673 
369470 
171266 
48263 
380881 
93553 
82417 
278200 
239078 
44733 
36729 
391650 
99330 
113107 
282056 
382249 
37212 
74593 
100643 
237530 
239353 
139856 
8841 
225895 
49134 
266596 
154303 
177991 
72326 
312850 
21492 
381838 
287993 
55395 
311793 
391694 
251081 
209939 
133626 
294844 
204831 
181675 
73445 
356169 
279831 
184585 
294100 
318251 
187404 
232074 
289632 
347061 
70410 
225242 
27743 
274427 
343634 
156221 
40652 
208545 
267943 
280034 
143161 
319603 
345478 
161434 
375609 
190198 
27632 
283526 
395493 
151968 
349351 
369595 
395521 
229355 
160186 
118905 
177011 
66177 
125707 
119824 
280563 
350765 
119029 
399298 
141859 
5049 
23266 
145739 
300953 
348838 
52740 
177920 
211896 
206975 
317318 
177629 
391300 
358217 
166219 
195393 
367307 
223808 
329953 
337631 
120920 
319312 
179013 
96552 
62415 
206664 
162928 
340640 
96694 
380389 
160711 
268654 
207166 
285832 
208193 
397775 
205737 
316705 
280075 
254567 
164483 
67130 
356868 
397179 
272282 
164664 
392783 
105082 
360215 
72365 
232963 
156742 
196260 
339341 
133797 
320674 
128662 
121243 
38086 
144979 
144605 
371566 
4843 
213633 
111834 
13509 
311127 
241947 
328689 
57345 
316386 
82477 
384744 
177992 
265459 
106124 
139123 
238646 
243346 
99637 
85337 
349139 
306354 
138001 
381031 
46784 
328250 
218299 
282153 
208785 
68982 
18397 
312380 
106516 
75415 
296968 
134680 
371516 
133416 
365316 
325873 
141410 
45101 
282769 
131083 
148718 
325812 
366775 
40801 
290942 
171822 
339008 
60325 
47626 
194996 
86710 
67985 
217838 
298832 
330834 
332717 
19530 
201780 
257878 
149628 
203076 
252343 
206979 
330418 
52926 
359379 
177387 
39408 
6807 
173270 
19843 
194855 
322569 
42918 
289496 
271789 
353036 
290137 
218617 
184934 
196330 
264546 
145878 
284170 
127229 
391376 
131537 
264173 
108268 
81012 
285711 
337247 
262883 
943 
76895 
394541 
304918 
263286 
389061 
112083 
144811 
173569 
100926 
333391 
257580 
226998 
150122 
235818 
305274 
12672 
194165 
92351 
211444 
315298 
151383 
195493 
396317 
342178 
245504 
243865 
218476 
77125 
317533 
276455 
363521 
236311 
157099 
207749 
108827 
134232 
191224 
260415 
106706 
168804 
210163 
346269 
102189 
364731 
9529 
294116 
120809 
318899 
399888 
63595 
388983 
241128 
330549 
200950 
159889 
240772 
331989 
68287 
241376 
323603 
95149 
338893 
3436 
226889 
57913 
146299 
305542 
282472 
16794 
212890 
285389 
332611 
13397 
154308 
20419 
390219 
74364 
347379 
124452 
279998 
224422 
206861 
274813 
341582 
278298 
258185 
303148 
124903 
80630 
356187 
215749 
180806 
386267 
185617 
209747 
70068 
79454 
200097 
159755 
393170 
387221 
78472 
91342 
76507 
285336 
340081 
68283 
231899 
207889 
235231 
308972 
395503 
154241 
106743 
365403 
62307 
290736 
218339 
388462 
254760 
267469 
82589 
9015 
137603 
398929 
105899 
5271 
92439 
395722 
370648 
86929 
235999 
165678 
159981 
45753 
220513 
233481 
338244 
325547 
300896 
301975 
323841 
10928 
165870 
192876 
387535 
21576 
348226 
2161 
48582 
321434 
192202 
342796 
269444 
391050 
259676 
13422 
76417 
150938 
72277 
223720 
211145 
183377 
390632 
191594 
142062 
328325 
319637 
180918 
248186 
150454 
193428 
275445 
78276 
262463 
393325 
267156 
14405 
184056 
125269 
370300 
386935 
272243 
136148 
318926 
386448 
255419 
317368 
149526 
47858 
54379 
349268 
295904 
372469 
156432 
75085 
315995 
24140 
188844 
242397 
337186 
292849 
233176 
265507 
27311 
207545 
28159 
71240 
31109 
295876 
325443 
184729 
122789 
339102 
36049 
109900 
295462 
148253 
85160 
232520 
154512 
45030 
176501 
41876 
220388 
221320 
20825 
387531 
222533 
387094 
218553 
44022 
153071 
42754 
101616 
285667 
2492 
34405 
17080 
156743 
4377 
138233 
183309 
380154 
79877 
173278 
206441 
310591 
77362 
372379 
342066 
337568 
196949 
330548 
321613 
215309 
33350 
3989 
233995 
272632 
30523 
90863 
362287 
44075 
138273 
78125 
175256 
139766 
137309 
176799 
43516 
357254 
222615 
110153 
260950 
176335 
117727 
54229 
321166 
105709 
78198 
57763 
349286 
67115 
155192 
323116 
98674 
198302 
207575 
1825 
12567 
244806 
81415 
271041 
183895 
117498 
209701 
79481 
223173 
388266 
38132 
92111 
273115 
175199 
7892 
282604 
104870 
298675 
481 
341841 
83935 
108579 
336794 
146717 
272462 
250885 
339196 
5918 
6067 
312880 
312397 
278582 
163220 
156966 
32516 
295325 
121829 
372583 
316237 
248247 
274444 
344435 
363978 
34559 
317971 
84418 
394906 
100481 
53400 
286586 
300473 
23024 
154838 
282204 
255765 
76075 
210413 
354416 
396712 
137299 
257390 
157377 
391669 
311303 
232867 
498 
258144 
71333 
186127 
277020 
187515 
384615 
169897 
272927 
197027 
76290 
73254 
383290 
265727 
199820 
252609 
127962 
271937 
349408 
195194 
274712 
386983 
312033 
119338 
96845 
98621 
283176 
325174 
199366 
246586 
295149 
390306 
68267 
56957 
115248 
397477 
169654 
37668 
276789 
71860 
43483 
212712 
182698 
281866 
31585 
216601 
48440 
87096 
231472 
355103 
204182 
318303 
521 
373402 
253311 
203538 
311455 
389197 
52869 
343369 
276516 
95799 
147269 
192654 
93244 
348247 
365743 
332401 
321218 
209695 
305819 
138155 
