50 
42 
37 
46 
21 
43 
43 
28 
45 
53 
50 
56 
51 
21 
35 
21 
56 
45 
54 
23 
48 
33 
49 
44 
48 
62 
22 
52 
53 
48 
25 
22 
50 
51 
49 
44 
26 
57 
49 
35 
49 
29 
40 
37 
48 
36 
39 
39 
43 
50 
21 
29 
48 
38 
27 
46 
38 
36 
26 
52 
39 
28 
57 
52 
35 
45 
31 
58 
42 
34 
30 
37 
58 
43 
37 
52 
29 
23 
57 
27 
41 
27 
56 
45 
41 
38 
30 
57 
54 
39 
37 
35 
49 
28 
32 
33 
41 
59 
55 
27 
38 
33 
21 
31 
23 
39 
30 
29 
40 
28 
44 
52 
32 
46 
20 
31 
52 
43 
49 
57 
46 
47 
50 
40 
68 
34 
58 
30 
27 
52 
39 
33 
51 
30 
48 
53 
33 
43 
33 
45 
48 
54 
30 
36 
37 
59 
21 
24 
50 
59 
47 
23 
54 
54 
39 
49 
27 
50 
22 
59 
47 
58 
25 
36 
57 
56 
34 
36 
56 
37 
56 
38 
39 
34 
35 
36 
36 
27 
45 
36 
43 
21 
44 
36 
50 
36 
40 
51 
48 
58 
48 
48 
51 
43 
29 
42 
41 
52 
41 
29 
50 
45 
35 
29 
30 
43 
56 
44 
42 
59 
47 
56 
30 
31 
55 
33 
47 
38 
51 
35 
54 
26 
42 
43 
48 
54 
25 
53 
36 
33 
30 
50 
41 
25 
37 
44 
42 
41 
22 
30 
22 
33 
52 
28 
45 
31 
23 
45 
31 
34 
49 
33 
20 
34 
52 
28 
41 
32 
47 
44 
43 
57 
37 
46 
53 
53 
34 
51 
48 
36 
43 
23 
28 
47 
44 
58 
51 
46 
48 
21 
27 
46 
34 
57 
68 
42 
42 
39 
28 
50 
52 
40 
37 
59 
20 
25 
57 
33 
39 
25 
40 
28 
25 
27 
46 
28 
57 
37 
23 
62 
49 
35 
30 
31 
46 
29 
64 
27 
38 
33 
21 
30 
24 
54 
56 
48 
60 
37 
32 
59 
50 
24 
53 
57 
45 
40 
41 
62 
27 
28 
41 
23 
45 
62 
29 
45 
52 
22 
36 
39 
29 
24 
54 
46 
33 
25 
47 
47 
45 
50 
45 
37 
34 
31 
25 
37 
38 
37 
29 
68 
55 
32 
48 
37 
48 
33 
31 
42 
34 
30 
21 
66 
51 
37 
46 
43 
33 
32 
66 
43 
24 
28 
38 
32 
46 
25 
21 
20 
37 
40 
38 
37 
40 
50 
43 
25 
28 
28 
27 
59 
24 
41 
42 
34 
42 
25 
24 
47 
36 
44 
42 
32 
44 
59 
24 
29 
44 
44 
52 
33 
37 
53 
26 
26 
42 
41 
26 
24 
45 
26 
30 
32 
33 
49 
54 
67 
36 
35 
47 
52 
40 
35 
33 
31 
41 
21 
56 
47 
33 
46 
65 
44 
28 
28 
44 
33 
57 
54 
36 
